120.000	1.0000		
132.070	1.0100		
145.116	1.0200		
159.198	1.0300		
174.375	1.0400		
190.711	1.0500		
208.274	1.0600		
227.132	1.0700		
247.350	1.0800		
269.006	1.0900		
292.169	1.1000		
316.923	1.1100		
343.341	1.1200		
371.512	1.1300		
401.514	1.1400		
433.437	1.1500		
467.365	1.1600		
503.396	1.1700		
541.617	1.1800		
582.129	1.1900		
625.025	1.2000		
670.411	1.2100		
718.386	1.2200		
769.057	1.2300		
822.527	1.2400		
878.916	1.2500		
938.330	1.2600		
1000.87	1.2700		
1066.67	1.2800		
1135.85	1.2900		
1208.51	1.3000		
1284.81	1.3100		
1364.83	1.3200		
1448.73	1.3300		
1536.61	1.3400		
1628.62	1.3500		
1724.91	1.3600		
1825.58	1.3700		
1930.79	1.3800		
2040.67	1.3900		
2155.35	1.4000		
2274.99	1.4100		
2399.73	1.4200		
2529.72	1.4300		
2665.09	1.4400		
2805.99	1.4500		
2952.60	1.4600		
3105.04	1.4700		
3263.48	1.4800		
3428.07	1.4900		
3598.97	1.5000		
3776.32	1.5100		
3960.32	1.5200		
4151.07	1.5300		
4348.79	1.5400		
4553.58	1.5500		
4765.68	1.5600		
4985.18	1.5700		
5212.26	1.5800		
5447.11	1.5900		
5689.88	1.6000		
5940.76	1.6100		
6199.90	1.6200		
6467.42	1.6300		
6743.57	1.6400		
7028.47	1.6500		
7322.31	1.6600		
7625.21	1.6700		
7937.40	1.6800		
8259.02	1.6900		
8590.22	1.7000		
8931.18	1.7100		
9282.06	1.7200		
9643.02	1.7300		
10014.3	1.7400		
10395.9	1.7500		
10788.2	1.7600		
11191.2	1.7700		
11605.1	1.7800		
12030.1	1.7900		
12466.1	1.8000		
12913.7	1.8100		
13372.8	1.8200		
13843.6	1.8300		
14326.1	1.8400		
14820.7	1.8500		
15327.3	1.8600		
15846.3	1.8700		
16377.7	1.8800		
16921.7	1.8900		
17478.2	1.9000		
18047.7	1.9100		
18630.1	1.9200		
19225.5	1.9300		
19834.1	1.9400		
20455.9	1.9500		
21091.1	1.9600		
21739.7	1.9700		
22402.0	1.9800		
23077.9	1.9900		
23767.4	2.0000		
24470.9	2.0100		
25188.1	2.0200		
25919.2	2.0300		
26664.2	2.0400		
27426.3	2.0500		
28196.3	2.0600		
28983.2	2.0700		
29784.2	2.0800		
30599.1	2.0900		
31428.1	2.1000		
32271.1	2.1100		
33128.0	2.1200		
33998.6	2.1300		
34882.8	2.1400		
35780.3	2.1500		
36690.9	2.1600		
37614.3	2.1700		
38550.2	2.1800		
39500.3	2.1900		
40465.6	2.2000		
41446.6	2.2100		
42443.5	2.2200		
43456.5	2.2300		
44485.7	2.2400		
45531.3	2.2500		
46593.5	2.2600		
47672.5	2.2700		
48768.6	2.2800		
49881.8	2.2900		
51012.3	2.3000		
52160.2	2.3100		
53325.8	2.3200		
54509.2	2.3300		
55710.5	2.3400		
56930.0	2.3500		
58167.8	2.3600		
59423.8	2.3700		
60698.8	2.3800		
61992.0	2.3900		
63304.3	2.4000		
64635.2	2.4100		
65985.4	2.4200		
67354.8	2.4300		
68743.5	2.4400		
70152.0	2.4500		
71580.2	2.4600		
73028.1	2.4700		
74496.0	2.4800		
75984.2	2.4900		
77493.1	2.5000		
79022.2	2.5100		
80575.2	2.5200		
82142.9	2.5300		
83734.6	2.5400		
85347.2	2.5500		
86981.2	2.5600		
88636.7	2.5700		
90313.8	2.5800		
92012.6	2.5900		
93733.4	2.6000		
95476.0	2.6100		
97240.8	2.6200		
99028.2	2.6300		
100838	2.6400		
102669	2.6500		
104525	2.6600		
106403	2.6700		
108304	2.6800		
110228	2.6900		
112175	2.7000		
114145	2.7100		
116139	2.7200		
118156	2.7300		
120198	2.7400		
122263	2.7500		
124353	2.7600		
126465	2.7700		
128603	2.7800		
130765	2.7900		
132952	2.8000		
135164	2.8100		
137401	2.8200		
139663	2.8300		
141949	2.8400		
144260	2.8500		
146597	2.8600		
148961	2.8700		
151349	2.8800		
153763	2.8900		
156204	2.9000		
158671	2.9100		
161164	2.9200		
163684	2.9300		
166230	2.9400		
168802	2.9500		
171402	2.9600		
174028	2.9700		
176682	2.9800		
179364	2.9900		
182073	3.0000		
184810	3.0100		
187574	3.0200		
190366	3.0300		
193187	3.0400		
196037	3.0500		
198914	3.0600		
201820	3.0700		
204755	3.0800		
207719	3.0900		
210711	3.1000		
213732	3.1100		
216783	3.1200		
219864	3.1300		
222975	3.1400		
226115	3.1500		
229285	3.1600		
232484	3.1700		
235714	3.1800		
238974	3.1900		
242266	3.2000		
245587	3.2100		
248939	3.2200		
252322	3.2300		
255736	3.2400		
259182	3.2500		
262658	3.2600		
266166	3.2700		
269706	3.2800		
273278	3.2900		
276880	3.3000		
280516	3.3100		
284183	3.3200		
287883	3.3300		
291615	3.3400		
295380	3.3500		
299178	3.3600		
303008	3.3700		
306871	3.3800		
310768	3.3900		
314697	3.4000		
318659	3.4100		
322654	3.4200		
326684	3.4300		
330747	3.4400		
334845	3.4500		
338976	3.4600		
343141	3.4700		
347341	3.4800		
351575	3.4900		
355844	3.5000		
360147	3.5100		
364485	3.5200		
368860	3.5300		
373269	3.5400		
377714	3.5500		
382194	3.5600		
386710	3.5700		
391262	3.5800		
395849	3.5900		
400471	3.6000		
405130	3.6100		
409825	3.6200		
414556	3.6300		
419324	3.6400		
424128	3.6500		
428968	3.6600		
433846	3.6700		
438760	3.6800		
443713	3.6900		
448702	3.7000		
453729	3.7100		
458794	3.7200		
463897	3.7300		
469038	3.7400		
474218	3.7500		
479435	3.7600		
484691	3.7700		
489985	3.7800		
495317	3.7900		
500688	3.8000		
506098	3.8100		
511547	3.8200		
517036	3.8300		
522564	3.8400		
528132	3.8500		
533739	3.8600		
539387	3.8700		
545075	3.8800		
550805	3.8900		
556574	3.9000		
562383	3.9100		
568234	3.9200		
574126	3.9300		
580059	3.9400		
586034	3.9500		
592051	3.9600		
598110	3.9700		
604210	3.9800		
610352	3.9900		
616537	4.0000		
622764	4.0100		
629033	4.0200		
635345	4.0300		
641700	4.0400		
648099	4.0500		
654541	4.0600		
661026	4.0700		
667554	4.0800		
674125	4.0900		
680740	4.1000		
687399	4.1100		
694103	4.1200		
700851	4.1300		
707643	4.1400		
714479	4.1500		
721360	4.1600		
728285	4.1700		
735255	4.1800		
742269	4.1900		
749328	4.2000		
756431	4.2100		
763579	4.2200		
770772	4.2300		
778010	4.2400		
785294	4.2500		
792623	4.2600		
799999	4.2700		
807422	4.2800		
814893	4.2900		
822411	4.3000	
