1.165286	1.553569	135.057000
1.164306	1.164328	135.157000
1.164354	1.164125	135.257000
1.164329	1.164092	135.357000
1.160631	1.160420	135.457000
1.134123	1.133946	135.557000
1.107089	1.106907	135.657000
1.090840	1.090625	135.757000
1.082953	1.082719	135.857000
1.080626	1.080378	135.957000
1.081341	1.081110	136.057000
1.084009	1.083753	136.157000
1.087650	1.087403	136.257000
1.091693	1.091427	136.357000
1.095943	1.095710	136.457000
1.100208	1.099953	136.557000
1.104071	1.103834	136.657000
1.092053	1.091840	136.757000
1.066513	1.066332	136.857000
1.050024	1.049810	136.957000
1.041638	1.041416	137.057000
1.038628	1.038393	137.157000
1.039209	1.038965	137.257000
1.041940	1.041689	137.357000
1.045872	1.045617	137.457000
1.050407	1.050157	137.557000
1.055315	1.055067	137.657000
1.060210	1.059958	137.757000
1.065084	1.064836	137.857000
1.063606	1.063399	137.957000
1.040703	1.040524	138.057000
1.021189	1.020978	138.157000
1.010223	1.010013	138.257000
1.005276	1.005043	138.358000
1.004330	1.004104	138.457000
1.005865	1.005626	138.557000
1.009072	1.008837	138.657000
1.013001	1.012753	138.757000
1.017512	1.017272	138.857000
1.022182	1.021930	138.957000
1.026976	1.026737	139.057000
1.030410	1.030166	139.157000
1.014976	1.014802	139.257000
0.993242	0.993067	139.357000
0.979661	0.979461	139.457000
0.972581	0.972370	139.557000
0.969955	0.969738	139.657000
0.970193	0.969963	139.757000
0.972348	0.972112	139.857000
0.975488	0.975267	139.957000
0.979402	0.979171	140.057000
0.983645	0.983400	140.157000
0.988131	0.987897	140.257000
0.992560	0.992312	140.357000
0.986766	0.986571	140.457000
0.965019	0.964852	140.557000
0.949125	0.948932	140.657000
0.940013	0.939799	140.757000
0.935623	0.935393	140.857000
0.934626	0.934429	140.957000
0.935788	0.935563	141.057000
0.938158	0.937926	141.157000
0.941518	0.941277	141.257000
0.945172	0.944950	141.357000
0.949197	0.948982	141.457000
0.953241	0.953000	141.557000
0.954226	0.954015	141.657000
0.936899	0.936721	141.757000
0.919029	0.918847	141.857000
0.907796	0.907613	141.957000
0.902026	0.901824	142.057000
0.899795	0.899594	142.157000
0.899963	0.899739	142.257000
0.901486	0.901281	142.357000
0.904083	0.903876	142.457000
0.907240	0.907021	142.557000
0.910847	0.910627	142.657000
0.914460	0.914222	142.757000
0.917878	0.917667	142.857000
0.908200	0.908035	142.957000
0.889387	0.889211	143.057000
0.876553	0.876367	143.157000
0.869319	0.869119	143.257000
0.865838	0.865656	143.357000
0.865043	0.864837	143.457000
0.865817	0.865619	143.557000
0.867780	0.867558	143.657000
0.870312	0.870099	143.757000
0.873430	0.873228	143.857000
0.876593	0.876368	143.957000
0.879880	0.879672	144.057000
0.877711	0.877521	144.157000
0.860537	0.860371	144.257000
0.846042	0.845869	144.357000
0.837344	0.837158	144.457000
0.832708	0.832526	144.557000
0.830973	0.830763	144.657000
0.830919	0.830716	144.757000
0.832244	0.832042	144.857000
0.834251	0.834054	144.957000
0.836804	0.836602	145.057000
0.839497	0.839281	145.157000
0.842455	0.842256	145.257000
0.844229	0.844032	145.357000
0.831994	0.831835	145.457000
0.816368	0.816205	145.557000
0.806211	0.806028	145.657000
0.800453	0.800261	145.757000
0.797754	0.797572	145.857000
0.797006	0.796824	145.957000
0.797662	0.797467	146.057000
0.799044	0.798840	146.157000
0.801064	0.800883	146.257000
0.803315	0.803115	146.357000
0.805860	0.805654	146.457000
0.808460	0.808260	146.557000
0.802920	0.802753	146.657000
0.787382	0.787223	146.757000
0.775981	0.775811	146.857000
0.769110	0.768929	146.957000
0.765566	0.765380	147.057000
0.764124	0.763931	147.157000
0.764122	0.763952	147.257000
0.764974	0.764789	147.357000
0.766505	0.766336	147.457000
0.768362	0.768156	147.557000
0.770489	0.770296	147.657000
0.772824	0.772645	147.757000
0.772425	0.772247	147.857000
0.759472	0.759328	147.957000
0.746993	0.746824	148.057000
0.739101	0.738947	148.157000
0.734700	0.734511	148.257000
0.732552	0.732382	148.357000
0.731998	0.731816	148.457000
0.732419	0.732243	148.557000
0.733591	0.733420	148.657000
0.735116	0.734945	148.757000
0.736897	0.736713	148.857000
0.738980	0.738803	148.957000
0.740618	0.740427	149.057000
0.732587	0.732447	149.157000
0.719601	0.719442	149.257000
0.710836	0.710684	149.357000
0.705584	0.705407	149.457000
0.702792	0.702613	149.557000
0.701676	0.701492	149.657000
0.701729	0.701553	149.757000
0.702473	0.702301	149.857000
0.703694	0.703506	149.957000
0.705159	0.704979	150.057000
0.706963	0.706779	150.157000
0.708793	0.708620	150.257000
0.706131	0.705972	150.357000
0.693960	0.693804	150.457000
0.684264	0.684108	150.557000
0.678255	0.678094	150.657000
0.674833	0.674676	150.757000
0.673280	0.673110	150.857000
0.672898	0.672714	150.957000
0.673349	0.673176	151.057000
0.674325	0.674142	151.157000
0.675528	0.675362	151.257000
0.677127	0.676948	151.357000
0.678734	0.678547	151.457000
0.679275	0.679105	151.557000
0.670076	0.669923	151.657000
0.659846	0.659700	151.757000
0.653063	0.652895	151.857000
0.649076	0.648908	151.957000
0.646972	0.646803	152.057000
0.646253	0.646084	152.157000
0.646351	0.646197	152.257000
0.647062	0.646880	152.357000
0.648077	0.647916	152.457000
0.649466	0.649291	152.557000
0.650892	0.650723	152.657000
0.652412	0.652244	152.757000
0.647660	0.647508	152.857000
0.637353	0.637222	152.957000
0.629782	0.629625	153.057000
0.625212	0.625052	153.157000
0.622643	0.622489	153.257000
0.621552	0.621391	153.357000
0.621365	0.621196	153.457000
0.621833	0.621668	153.557000
0.622630	0.622487	153.657000
0.623841	0.623675	153.757000
0.625027	0.624861	153.857000
0.626498	0.626338	153.957000
0.625578	0.625423	154.057000
0.616620	0.616484	154.157000
0.608370	0.608222	154.257000
0.603145	0.602998	154.357000
0.600077	0.599918	154.457000
0.598695	0.598530	154.557000
0.598227	0.598071	154.657000
0.598458	0.598299	154.757000
0.599032	0.598870	154.857000
0.600048	0.599893	154.957000
0.601188	0.601027	155.057000
0.602484	0.602328	155.157000
0.603305	0.603142	155.257000
0.597384	0.597256	155.357000
0.588745	0.588593	155.457000
0.582911	0.582765	155.557000
0.579395	0.579249	155.657000
0.577563	0.577409	155.757000
0.576847	0.576687	155.857000
0.576831	0.576676	155.957000
0.577233	0.577089	156.057000
0.578125	0.577971	156.157000
0.579062	0.578894	156.257000
0.580208	0.580039	156.357000
0.581350	0.581189	156.457000
0.579047	0.578914	156.557000
0.570745	0.570605	156.657000
0.564270	0.564127	156.757000
0.560268	0.560120	156.857000
0.558072	0.557917	156.957000
0.557009	0.556852	157.057000
0.556780	0.556620	157.157000
0.557022	0.556875	157.257000
0.557670	0.557517	157.357000
0.558492	0.558346	157.457000
0.559568	0.559405	157.557000
0.560593	0.560436	157.657000
0.560688	0.560538	157.757000
0.554105	0.553971	157.857000
0.547116	0.546977	157.957000
0.542593	0.542454	158.057000
0.540025	0.539880	158.157000
0.538634	0.538481	158.257000
0.538179	0.538008	158.357000
0.538231	0.538085	158.457000
0.538801	0.538650	158.557000
0.539499	0.539353	158.657000
0.540440	0.540281	158.757000
0.541346	0.541192	158.857000
0.542354	0.542225	158.957000
0.538568	0.538430	159.057000
0.531423	0.531291	159.157000
0.526370	0.526228	159.257000
0.523325	0.523170	159.358000
0.521713	0.521570	159.457000
0.520908	0.520761	159.557000
0.520736	0.520588	159.657000
0.521123	0.520970	159.757000
0.521738	0.521583	159.857000
0.522546	0.522378	159.957000
0.523361	0.523224	160.057000
0.524406	0.524263	160.157000
0.523384	0.523254	160.257000
0.516903	0.516758	160.357000
0.511319	0.511198	160.457000
0.507799	0.507655	160.557000
0.505792	0.505660	160.657000
0.504809	0.504645	160.757000
0.504513	0.504372	160.857000
0.504717	0.504576	160.957000
0.505222	0.505085	161.057000
0.505888	0.505731	161.157000
0.506678	0.506523	161.257000
0.507610	0.507467	161.357000
0.508133	0.507983	161.457000
0.503462	0.503342	161.557000
0.497593	0.497452	161.657000
0.493567	0.493425	161.757000
0.491231	0.491092	161.857000
0.489921	0.489783	161.957000
0.489482	0.489354	162.057000
0.489504	0.489348	162.157000
0.489880	0.489728	162.257000
0.490424	0.490285	162.357000
0.491180	0.491030	162.457000
0.491979	0.491840	162.557000
0.492908	0.492757	162.657000
0.490704	0.490566	162.757000
0.484864	0.484747	162.857000
0.480357	0.480232	162.957000
0.477663	0.477537	163.057000
0.476115	0.475965	163.157000
0.475455	0.475318	163.257000
0.475323	0.475181	163.357000
0.475554	0.475415	163.457000
0.475950	0.475803	163.557000
0.476600	0.476455	163.657000
0.477339	0.477194	163.757000
0.478263	0.478117	163.858000
0.478036	0.477897	163.957000
0.473146	0.473023	164.057000
0.468218	0.468075	164.157000
0.465093	0.464964	164.257000
0.463210	0.463068	164.357000
0.462286	0.462160	164.457000
0.461992	0.461843	164.557000
0.462113	0.461964	164.657000
0.462450	0.462304	164.757000
0.463014	0.462874	164.857000
0.463661	0.463521	164.957000
0.464517	0.464367	165.057000
0.465072	0.464930	165.157000
0.462025	0.461895	165.257000
0.456884	0.456756	165.357000
0.453382	0.453255	165.457000
0.451152	0.451009	165.557000
0.450013	0.449878	165.657000
0.449554	0.449427	165.757000
0.449560	0.449434	165.857000
0.449784	0.449659	165.957000
0.450330	0.450180	166.057000
0.450872	0.450733	166.157000
0.451601	0.451457	166.257000
0.452232	0.452098	166.357000
0.451254	0.451129	166.457000
0.446437	0.446315	166.557000
0.442559	0.442418	166.657000
0.439988	0.439846	166.757000
0.438616	0.438484	166.857000
0.437935	0.437817	166.957000
0.437818	0.437691	167.057000
0.437939	0.437791	167.157000
0.438316	0.438170	167.257000
0.438819	0.438688	167.357000
0.439513	0.439375	167.457000
0.440110	0.439979	167.557000
0.440418	0.440275	167.657000
0.436753	0.436637	167.757000
0.432561	0.432441	167.857000
0.429639	0.429519	167.957000
0.427988	0.427863	168.057000
0.427134	0.426999	168.157000
0.426872	0.426727	168.257000
0.426849	0.426717	168.357000
0.427143	0.426997	168.457000
0.427626	0.427493	168.557000
0.428273	0.428124	168.657000
0.428841	0.428703	168.757000
0.429511	0.429384	168.857000
0.427594	0.427455	168.957000
0.423269	0.423154	169.057000
0.420024	0.419888	169.157000
0.418036	0.417911	169.257000
0.416939	0.416818	169.358000
0.416496	0.416358	169.457000
0.416345	0.416207	169.557000
0.416614	0.416456	169.657000
0.416992	0.416865	169.757000
0.417580	0.417430	169.857000
0.418032	0.417893	169.957000
0.418732	0.418591	170.057000
0.418391	0.418255	170.157000
0.414579	0.414465	170.257000
0.410957	0.410832	170.357000
0.408689	0.408579	170.457000
0.407425	0.407286	170.557000
0.406773	0.406631	170.657000
0.406547	0.406421	170.757000
0.406717	0.406584	170.857000
0.407002	0.406872	170.957000
0.407498	0.407345	171.057000
0.407983	0.407855	171.157000
0.408567	0.408436	171.257000
0.408950	0.408817	171.357000
0.406427	0.406310	171.457000
0.402543	0.402411	171.557000
0.399899	0.399767	171.657000
0.398378	0.398256	171.757000
0.397593	0.397460	171.857000
0.397258	0.397140	171.957000
0.397285	0.397146	172.057000
0.397526	0.397401	172.157000
0.397905	0.397761	172.257000
0.398379	0.398253	172.357000
0.398932	0.398799	172.457000
0.399524	0.399386	172.557000
0.398535	0.398403	172.657000
0.394859	0.394735	172.757000
0.391862	0.391736	172.857000
0.390065	0.389950	172.957000
0.389011	0.388868	173.057000
0.388538	0.388410	173.157000
0.388368	0.388241	173.257000
0.388605	0.388483	173.357000
0.388892	0.388763	173.457000
0.389366	0.389236	173.557000
0.389841	0.389700	173.657000
0.390428	0.390292	173.757000
0.390530	0.390399	173.857000
0.387603	0.387477	173.957000
0.384287	0.384161	174.057000
0.382218	0.382090	174.157000
0.380961	0.380835	174.257000
0.380328	0.380204	174.357000
0.380102	0.379959	174.457000
0.380219	0.380083	174.557000
0.380416	0.380271	174.657000
0.380771	0.380647	174.757000
0.381230	0.381108	174.857000
0.381777	0.381651	174.957000
0.382292	0.382151	175.057000
0.380656	0.380512	175.157000
0.377242	0.377114	175.257000
0.374860	0.374747	175.357000
0.373343	0.373206	175.457000
0.372574	0.372446	175.557000
0.372138	0.372003	175.657000
0.372191	0.372074	175.757000
0.372397	0.372250	175.857000
0.372711	0.372562	175.957000
0.373118	0.372981	176.057000
0.373654	0.373526	176.157000
0.374121	0.374003	176.257000
0.373722	0.373588	176.357000
0.370549	0.370424	176.457000
0.367933	0.367811	176.557000
0.366181	0.366064	176.657000
0.365236	0.365108	176.757000
0.364700	0.364569	176.857000
0.364659	0.364515	176.957000
0.364744	0.364604	177.057000
0.364980	0.364847	177.157000
0.365306	0.365183	177.257000
0.365787	0.365644	177.357000
0.366291	0.366163	177.457000
0.366620	0.366494	177.557000
0.364386	0.364267	177.657000
0.361509	0.361394	177.757000
0.359463	0.359337	177.857000
0.358284	0.358151	177.957000
0.357599	0.357460	178.057000
0.357426	0.357311	178.157000
0.357423	0.357290	178.257000
0.357652	0.357517	178.357000
0.357941	0.357816	178.457000
0.358403	0.358260	178.557000
0.358850	0.358728	178.657000
0.359362	0.359229	178.757000
0.358297	0.358182	178.857000
0.355439	0.355315	178.957000
0.353138	0.353007	179.057000
0.351755	0.351627	179.157000
0.350906	0.350776	179.257000
0.350615	0.350507	179.357000
0.350522	0.350379	179.457000
0.350666	0.350541	179.557000
0.350928	0.350795	179.657000
0.351319	0.351193	179.757000
0.351756	0.351628	179.857000
0.352241	0.352105	179.957000
0.352109	0.351979	180.057000
0.349773	0.349646	180.157000
0.347209	0.347099	180.257000
0.345540	0.345418	180.357000
0.344569	0.344428	180.458000
0.344157	0.344037	180.557000
0.344048	0.343915	180.657000
0.344102	0.343981	180.757000
0.344251	0.344120	180.857000
0.344590	0.344457	180.957000
0.345018	0.344892	181.057000
0.345477	0.345338	181.157000
0.345763	0.345643	181.257000
0.344297	0.344182	181.357000
0.341604	0.341472	181.457000
0.339748	0.339634	181.558000
0.338588	0.338465	181.657000
0.338032	0.337912	181.757000
0.337839	0.337697	181.857000
0.337846	0.337717	181.957000
0.337965	0.337835	182.057000
0.338195	0.338062	182.157000
0.338533	0.338417	182.257000
0.338996	0.338857	182.357000
0.339355	0.339233	182.457000
0.338897	0.338776	182.557000
0.336409	0.336287	182.657000
0.334303	0.334195	182.757000
0.332927	0.332808	182.857000
0.332185	0.332053	182.957000
0.331829	0.331699	183.057000
0.331767	0.331642	183.157000
0.331835	0.331720	183.257000
0.332073	0.331949	183.357000
0.332416	0.332294	183.457000
0.332823	0.332684	183.557000
0.333153	0.333030	183.657000
0.333369	0.333242	183.757000
0.331468	0.331353	183.857000
0.329130	0.329002	183.957000
0.327550	0.327436	184.057000
0.326660	0.326549	184.157000
0.326240	0.326123	184.257000
0.326011	0.325872	184.357000
0.326062	0.325947	184.457000
0.326249	0.326109	184.557000
0.326532	0.326422	184.657000
0.326807	0.326681	184.757000
0.327207	0.327079	184.857000
0.327557	0.327414	184.957000
0.326683	0.326557	185.057000
0.324319	0.324208	185.157000
0.322531	0.322412	185.257000
0.321387	0.321268	185.357000
0.320804	0.320673	185.457000
0.320515	0.320384	185.557000
0.320508	0.320388	185.657000
0.320619	0.320497	185.757000
0.320934	0.320807	185.857000
0.321193	0.321060	185.957000
0.321513	0.321379	186.057000
0.321896	0.321784	186.157000
0.321834	0.321714	186.257000
0.319787	0.319668	186.357000
0.317747	0.317617	186.457000
0.316356	0.316241	186.557000
0.315692	0.315568	186.657000
0.315260	0.315129	186.757000
0.315232	0.315104	186.857000
0.315255	0.315130	186.957000
0.315591	0.315472	187.057000
0.315779	0.315646	187.157000
0.316060	0.315933	187.257000
0.316383	0.316252	187.357000
0.316674	0.316546	187.457000
0.315289	0.315176	187.557000
0.313170	0.313065	187.657000
0.311632	0.311525	187.757000
0.310859	0.310736	187.857000
0.310306	0.310184	187.957000
0.310167	0.310051	188.057000
0.310152	0.310026	188.157000
0.310367	0.310239	188.257000
0.310546	0.310425	188.357000
0.310855	0.310734	188.457000
0.311130	0.311008	188.557000
0.311525	0.311402	188.657000
0.311002	0.310888	188.757000
0.308982	0.308853	188.857000
0.307244	0.307136	188.957000
0.306235	0.306124	189.057000
0.305575	0.305455	189.157000
0.305353	0.305229	189.257000
0.305254	0.305126	189.357000
0.305373	0.305257	189.457000
0.305530	0.305411	189.557000
0.305787	0.305669	189.657000
0.306096	0.305992	189.757000
0.306453	0.306326	189.857000
0.306497	0.306376	189.957000
0.304921	0.304811	190.057000
0.303001	0.302892	190.157000
0.301769	0.301642	190.257000
0.300995	0.300875	190.357000
0.300682	0.300566	190.457000
0.300519	0.300395	190.557000
0.300598	0.300482	190.657000
0.300737	0.300606	190.757000
0.300980	0.300856	190.857000
0.301250	0.301126	190.957000
0.301603	0.301485	191.057000
0.301885	0.301777	191.157000
0.301030	0.300896	191.257000
0.299003	0.298898	191.357000
0.297610	0.297501	191.457000
0.296718	0.296604	191.557000
0.296239	0.296110	191.657000
0.296014	0.295895	191.757000
0.296009	0.295878	191.857000
0.296113	0.295977	191.957000
0.296303	0.296169	192.057000
0.296580	0.296461	192.157000
0.296911	0.296782	192.257000
0.297176	0.297038	192.357000
0.296986	0.296867	192.457000
0.295211	0.295110	192.557000
0.293635	0.293520	192.657000
0.292527	0.292401	192.757000
0.291985	0.291868	192.857000
0.291697	0.291586	192.957000
0.291654	0.291531	193.057000
0.291696	0.291572	193.157000
0.291841	0.291703	193.257000
0.292075	0.291964	193.357000
0.292396	0.292271	193.457000
0.292610	0.292499	193.557000
0.292850	0.292712	193.657000
0.291649	0.291534	193.757000
0.289933	0.289819	193.857000
0.288621	0.288508	193.957000
0.287902	0.287802	194.057000
0.287527	0.287407	194.157000
0.287397	0.287295	194.257000
0.287442	0.287313	194.357000
0.287558	0.287438	194.457000
0.287735	0.287632	194.557000
0.287956	0.287839	194.657000
0.288212	0.288082	194.757000
0.288528	0.288391	194.857000
0.288022	0.287913	194.957000
0.286347	0.286246	195.057000
0.284862	0.284734	195.157000
0.284039	0.283913	195.257000
0.283523	0.283415	195.357000
0.283337	0.283214	195.457000
0.283277	0.283151	195.557000
0.283348	0.283221	195.657000
0.283549	0.283425	195.757000
0.283776	0.283640	195.857000
0.284006	0.283894	195.958000
0.284306	0.284171	196.057000
0.284338	0.284228	196.157000
0.282976	0.282838	196.257000
0.281363	0.281250	196.357000
0.280313	0.280188	196.457000
0.279713	0.279592	196.557000
0.279367	0.279231	196.657000
0.279313	0.279187	196.757000
0.279284	0.279166	196.857000
0.279483	0.279359	196.957000
0.279670	0.279557	197.057000
0.279942	0.279815	197.157000
0.280194	0.280059	197.257000
0.280448	0.280333	197.357000
0.279638	0.279517	197.457000
0.278019	0.277898	197.557000
0.276831	0.276720	197.657000
0.276111	0.275981	197.757000
0.275640	0.275531	197.857000
0.275542	0.275426	197.957000
0.275439	0.275315	198.057000
0.275597	0.275466	198.157000
0.275771	0.275641	198.257000
0.276004	0.275879	198.357000
0.276160	0.276035	198.457000
0.276462	0.276340	198.557000
0.276286	0.276156	198.657000
0.274803	0.274684	198.757000
0.273441	0.273334	198.857000
0.272498	0.272388	198.957000
0.271929	0.271814	199.057000
0.271820	0.271696	199.157000
0.271686	0.271562	199.257000
0.271829	0.271721	199.357000
0.271955	0.271835	199.457000
0.272198	0.272072	199.557000
0.272359	0.272231	199.657000
0.272658	0.272552	199.757000
0.272826	0.272720	199.857000
0.271741	0.271629	199.957000
0.270204	0.270074	200.057000
0.269207	0.269092	200.157000
0.268575	0.268469	200.257000
0.268324	0.268197	200.357000
0.268140	0.268022	200.457000
0.268217	0.268107	200.557000
0.268332	0.268213	200.657000
0.268514	0.268389	200.757000
0.268699	0.268585	200.857000
0.268881	0.268768	200.957000
0.269129	0.269011	201.057000
0.268704	0.268583	201.157000
0.267203	0.267097	201.257000
0.266087	0.265973	201.357000
0.265290	0.265181	201.457000
0.264911	0.264788	201.557000
0.264684	0.264568	201.657000
0.264681	0.264562	201.757000
0.264701	0.264591	201.857000
0.264889	0.264771	201.957000
0.265060	0.264931	202.057000
0.265336	0.265208	202.157000
0.265589	0.265485	202.257000
0.265577	0.265451	202.357000
0.264277	0.264170	202.457000
0.263023	0.262897	202.557000
0.262106	0.261996	202.657000
0.261674	0.261557	202.757000
0.261381	0.261275	202.857000
0.261353	0.261234	202.957000
0.261389	0.261273	203.057000
0.261493	0.261380	203.157000
0.261617	0.261493	203.257000
0.261823	0.261714	203.357000
0.262060	0.261944	203.457000
0.262271	0.262139	203.557000
0.261426	0.261323	203.657000
0.260065	0.259956	203.757000
0.259094	0.258983	203.857000
0.258514	0.258387	203.957000
0.258127	0.258014	204.057000
0.258044	0.257932	204.157000
0.258049	0.257940	204.257000
0.258125	0.258007	204.357000
0.258258	0.258144	204.457000
0.258459	0.258334	204.557000
0.258665	0.258563	204.657000
0.258877	0.258767	204.757000
0.258644	0.258524	204.857000
0.257375	0.257253	204.957000
0.256213	0.256085	205.057000
0.255549	0.255449	205.157000
0.255068	0.254946	205.257000
0.254877	0.254769	205.357000
0.254879	0.254753	205.457000
0.254904	0.254789	205.557000
0.255018	0.254901	205.657000
0.255152	0.255040	205.757000
0.255389	0.255274	205.857000
0.255597	0.255472	205.957000
0.255666	0.255560	206.057000
0.254665	0.254563	206.157000
0.253457	0.253348	206.257000
0.252652	0.252541	206.357000
0.252121	0.251996	206.457000
0.251880	0.251764	206.557000
0.251819	0.251701	206.657000
0.251806	0.251687	206.757000
0.251892	0.251762	206.857000
0.252021	0.251901	206.957000
0.252241	0.252129	207.057000
0.252397	0.252287	207.157000
0.252603	0.252487	207.257000
0.252126	0.252007	207.357000
0.250841	0.250719	207.457000
0.249896	0.249784	207.557000
0.249230	0.249121	207.657000
0.248906	0.248798	207.757000
0.248792	0.248672	207.857000
0.248720	0.248599	207.957000
0.248826	0.248706	208.057000
0.248918	0.248798	208.157000
0.249107	0.249008	208.257000
0.249313	0.249163	208.357000
0.249525	0.249415	208.457000
0.249482	0.249354	208.557000
0.248360	0.248250	208.657000
0.247238	0.247115	208.757000
0.246551	0.246425	208.857000
0.246072	0.245954	208.957000
0.245935	0.245828	209.057000
0.245810	0.245694	209.157000
0.245900	0.245782	209.257000
0.245918	0.245805	209.357000
0.246150	0.246027	209.457000
0.246270	0.246159	209.557000
0.246502	0.246392	209.657000
0.246655	0.246547	209.757000
0.245942	0.245817	209.857000
0.244707	0.244595	209.957000
0.243873	0.243765	210.057000
0.243337	0.243226	210.157000
0.243131	0.243018	210.257000
0.243008	0.242885	210.357000
0.243039	0.242912	210.457000
0.243063	0.242940	210.557000
0.243230	0.243127	210.657000
0.243335	0.243219	210.757000
0.243536	0.243408	210.857000
0.243718	0.243599	210.957000
0.243464	0.243349	211.057000
0.242307	0.242215	211.157000
0.241345	0.241217	211.257000
0.240715	0.240609	211.357000
0.240462	0.240339	211.457000
0.240179	0.240068	211.557000
0.240167	0.240047	211.657000
0.240168	0.240054	211.757000
0.240354	0.240233	211.857000
0.240475	0.240340	211.957000
0.240689	0.240573	212.057000
0.240877	0.240769	212.157000
0.240929	0.240803	212.257000
0.240010	0.239903	212.357000
0.238968	0.238852	212.457000
0.238149	0.238034	212.557000
0.237766	0.237648	212.657000
0.237502	0.237389	212.757000
0.237480	0.237350	212.857000
0.237432	0.237322	212.957000
0.237560	0.237457	213.057000
0.237673	0.237560	213.157000
0.237885	0.237761	213.257000
0.238057	0.237934	213.357000
0.238260	0.238136	213.457000
0.237717	0.237621	213.557000
0.236644	0.236521	213.657000
0.235795	0.235690	213.757000
0.235343	0.235231	213.857000
0.235002	0.234887	213.957000
0.234898	0.234790	214.057000
0.234826	0.234710	214.157000
0.234974	0.234857	214.257000
0.235039	0.234907	214.357000
0.235190	0.235072	214.457000
0.235304	0.235194	214.557000
0.235502	0.235391	214.657000
0.235392	0.235284	214.757000
0.234405	0.234287	214.857000
0.233402	0.233296	214.957000
0.232847	0.232731	215.057000
0.232427	0.232316	215.157000
0.232306	0.232192	215.257000
0.232234	0.232118	215.357000
0.232321	0.232212	215.457000
0.232366	0.232248	215.557000
0.232479	0.232365	215.657000
0.232631	0.232497	215.757000
0.232837	0.232713	215.857000
0.232944	0.232843	215.957000
0.232250	0.232137	216.057000
0.231277	0.231163	216.157000
0.230528	0.230418	216.257000
0.230060	0.229948	216.357000
0.229821	0.229717	216.457000
0.229740	0.229624	216.557000
0.229771	0.229667	216.657000
0.229837	0.229707	216.757000
0.229922	0.229804	216.857000
0.230092	0.229970	216.957000
0.230273	0.230163	217.057000
0.230406	0.230291	217.157000
0.230146	0.230018	217.257000
0.229152	0.229043	217.357000
0.228352	0.228246	217.457000
0.227762	0.227649	217.557000
0.227512	0.227389	217.657000
0.227350	0.227238	217.757000
0.227368	0.227255	217.857000
0.227403	0.227284	217.957000
0.227469	0.227359	218.057000
0.227595	0.227495	218.157000
0.227759	0.227637	218.257000
0.227923	0.227803	218.357000
0.227932	0.227807	218.457000
0.227091	0.226987	218.557000
0.226177	0.226064	218.657000
0.225548	0.225436	218.757000
0.225216	0.225097	218.857000
0.225003	0.224887	218.957000
0.224909	0.224791	219.057000
0.224976	0.224867	219.157000
0.225019	0.224896	219.257000
0.225130	0.225013	219.357000
0.225311	0.225195	219.457000
0.225422	0.225328	219.557000
0.225594	0.225460	219.657000
0.225046	0.224943	219.757000
0.224144	0.224021	219.857000
0.223410	0.223310	219.957000
0.222995	0.222881	220.057000
0.222762	0.222654	220.157000
0.222659	0.222537	220.257000
0.222677	0.222562	220.357000
0.222687	0.222569	220.457000
0.222805	0.222699	220.557000
0.222903	0.222783	220.657000
0.223106	0.222996	220.757000
0.223250	0.223127	220.857000
0.223083	0.222973	220.957000
0.222177	0.222065	221.057000
0.221373	0.221254	221.157000
0.220812	0.220709	221.257000
0.220520	0.220392	221.357000
0.220401	0.220297	221.457000
0.220415	0.220306	221.557000
0.220392	0.220288	221.657000
0.220517	0.220392	221.757000
0.220556	0.220447	221.857000
0.220769	0.220669	221.957000
0.220907	0.220796	222.057000
0.220978	0.220857	222.157000
0.220258	0.220153	222.257000
0.219400	0.219293	222.357000
0.218761	0.218648	222.457000
0.218433	0.218309	222.557000
0.218187	0.218094	222.657000
0.218165	0.218046	222.757000
0.218169	0.218061	222.857000
0.218269	0.218168	222.957000
0.218297	0.218195	223.057000
0.218446	0.218336	223.157000
0.218536	0.218409	223.257000
0.218700	0.218581	223.357000
0.218345	0.218233	223.457000
0.217501	0.217387	223.557000
0.216766	0.216658	223.657000
0.216320	0.216206	223.757000
0.216043	0.215940	223.857000
0.216013	0.215893	223.957000
0.215908	0.215798	224.057000
0.216024	0.215905	224.157000
0.216086	0.215968	224.257000
0.216224	0.216124	224.357000
0.216321	0.216213	224.457000
0.216455	0.216342	224.557000
0.216445	0.216326	224.657000
0.215692	0.215574	224.757000
0.214835	0.214721	224.857000
0.214344	0.214234	224.957000
0.214010	0.213903	225.057000
0.213910	0.213791	225.157000
0.213770	0.213647	225.257000
0.213843	0.213735	225.357000
0.213887	0.213783	225.457000
0.214032	0.213925	225.557000
0.214158	0.214027	225.657000
0.214263	0.214148	225.757000
0.214373	0.214251	225.857000
0.213954	0.213845	225.957000
0.213105	0.212999	226.057000
0.212489	0.212371	226.157000
0.212049	0.211934	226.257000
0.211860	0.211747	226.357000
0.211723	0.211610	226.457000
0.211767	0.211654	226.557000
0.211797	0.211674	226.657000
0.211936	0.211815	226.757000
0.212075	0.211958	226.857000
0.212174	0.212050	226.957000
0.212328	0.212209	227.057000
0.212132	0.212016	227.157000
0.211274	0.211169	227.257000
0.210621	0.210509	227.357000
0.210127	0.210026	227.457000
0.209919	0.209799	227.557000
0.209719	0.209598	227.657000
0.209747	0.209622	227.757000
0.209768	0.209652	227.857000
0.209853	0.209745	227.957000
0.209966	0.209844	228.057000
0.210053	0.209926	228.157000
0.210191	0.210085	228.257000
0.210276	0.210164	228.357000
0.209613	0.209497	228.457000
0.208819	0.208697	228.557000
0.208275	0.208174	228.657000
0.208003	0.207889	228.757000
0.207802	0.207687	228.857000
0.207792	0.207696	228.957000
0.207792	0.207676	229.057000
0.207877	0.207750	229.157000
0.207997	0.207890	229.257000
0.208077	0.207974	229.357000
0.208179	0.208068	229.457000
0.208375	0.208260	229.557000
0.207996	0.207887	229.657000
0.207193	0.207069	229.757000
0.206521	0.206422	229.857000
0.206175	0.206069	229.957000
0.205919	0.205817	230.057000
0.205889	0.205786	230.157000
0.205877	0.205776	230.257000
0.205935	0.205843	230.357000
0.206011	0.205912	230.457000
0.206120	0.206006	230.557000
0.206187	0.206090	230.657000
0.206352	0.206237	230.757000
0.206247	0.206138	230.857000
0.205586	0.205486	230.957000
0.204924	0.204824	231.057000
0.204564	0.204448	231.157000
0.204259	0.204148	231.257000
0.204131	0.204020	231.357000
0.204095	0.203979	231.457000
0.204031	0.203905	231.557000
0.204128	0.204023	231.657000
0.204220	0.204102	231.757000
0.204364	0.204270	231.857000
0.204407	0.204287	231.957000
0.204517	0.204410	232.057000
0.204036	0.203920	232.157000
0.203323	0.203220	232.257000
0.202786	0.202667	232.357000
0.202489	0.202371	232.457000
0.202282	0.202162	232.557000
0.202256	0.202137	232.657000
0.202221	0.202107	232.757000
0.202344	0.202235	232.857000
0.202347	0.202220	232.957000
0.202495	0.202383	233.057000
0.202571	0.202473	233.157000
0.202683	0.202572	233.257000
0.202441	0.202335	233.357000
0.201750	0.201629	233.457000
0.201124	0.201017	233.558000
0.200739	0.200620	233.657000
0.200463	0.200363	233.757000
0.200437	0.200324	233.857000
0.200402	0.200291	233.957000
0.200506	0.200396	234.057000
0.200502	0.200392	234.157000
0.200608	0.200515	234.257000
0.200690	0.200572	234.357000
0.200825	0.200719	234.457000
0.200780	0.200671	234.557000
0.200185	0.200080	234.657000
0.199488	0.199378	234.757000
0.199085	0.198970	234.857000
0.198783	0.198665	234.957000
0.198719	0.198601	235.057000
0.198596	0.198484	235.157000
0.198670	0.198561	235.257000
0.198658	0.198537	235.357000
0.198777	0.198656	235.457000
0.198873	0.198775	235.557000
0.198985	0.198866	235.657000
0.199088	0.198972	235.757000
0.198750	0.198641	235.858000
0.198021	0.197908	235.957000
0.197514	0.197391	236.057000
0.197110	0.197000	236.157000
0.197016	0.196912	236.257000
0.196873	0.196749	236.357000
0.196899	0.196789	236.457000
0.196895	0.196779	236.557000
0.196960	0.196868	236.657000
0.197055	0.196944	236.757000
0.197152	0.197019	236.857000
0.197245	0.197142	236.958000
0.197184	0.197074	237.057000
0.196529	0.196427	237.157000
0.195954	0.195822	237.257000
0.195510	0.195400	237.357000
0.195327	0.195219	237.457000
0.195193	0.195089	237.557000
0.195239	0.195131	237.657000
0.195199	0.195098	237.757000
0.195248	0.195132	237.857000
0.195301	0.195203	237.957000
0.195417	0.195303	238.057000
0.195523	0.195415	238.157000
0.195553	0.195434	238.257000
0.195071	0.194968	238.357000
0.194479	0.194363	238.457000
0.193970	0.193873	238.557000
0.193733	0.193619	238.657000
0.193512	0.193404	238.757000
0.193540	0.193415	238.857000
0.193453	0.193339	238.957000
0.193509	0.193409	239.057000
0.193591	0.193496	239.157000
0.193724	0.193607	239.257000
0.193797	0.193686	239.357000
0.193885	0.193775	239.457000
0.193654	0.193558	239.557000
0.193051	0.192930	239.657000
0.192491	0.192383	239.757000
0.192208	0.192099	239.857000
0.191954	0.191848	239.957000
0.191939	0.191829	240.057000
0.191886	0.191777	240.157000
0.191919	0.191809	240.257000
0.191967	0.191852	240.357000
0.192056	0.191944	240.457000
0.192159	0.192048	240.557000
0.192248	0.192141	240.657000
0.192233	0.192119	240.757000
0.191697	0.191584	240.857000
0.191083	0.190969	240.957000
0.190695	0.190587	241.057000
0.190391	0.190276	241.157000
0.190304	0.190190	241.257000
0.190266	0.190142	241.357000
0.190230	0.190125	241.457000
0.190304	0.190198	241.557000
0.190389	0.190281	241.657000
0.190457	0.190345	241.757000
0.190534	0.190420	241.857000
0.190624	0.190511	241.957000
0.190297	0.190187	242.057000
0.189634	0.189527	242.157000
0.189217	0.189109	242.257000
0.188931	0.188819	242.357000
0.188804	0.188710	242.457000
0.188685	0.188577	242.557000
0.188670	0.188557	242.657000
0.188732	0.188615	242.757000
0.188787	0.188668	242.857000
0.188826	0.188730	242.957000
0.188905	0.188778	243.057000
0.189009	0.188901	243.157000
0.188918	0.188799	243.257000
0.188331	0.188232	243.357000
0.187795	0.187676	243.457000
0.187435	0.187337	243.557000
0.187222	0.187099	243.657000
0.187192	0.187088	243.757000
0.187117	0.186994	243.857000
0.187203	0.187111	243.957000
0.187212	0.187096	244.057000
0.187288	0.187187	244.157000
0.187341	0.187221	244.257000
0.187452	0.187363	244.357000
0.187510	0.187402	244.457000
0.187038	0.186924	244.557000
0.186437	0.186326	244.657000
0.186088	0.185977	244.757000
0.185817	0.185714	244.857000
0.185714	0.185594	244.957000
0.185596	0.185482	245.057000
0.185655	0.185539	245.157000
0.185660	0.185536	245.257000
0.185731	0.185616	245.357000
0.185795	0.185686	245.457000
0.185980	0.185870	245.557000
0.186043	0.185923	245.657000
0.185761	0.185655	245.757000
0.185129	0.185027	245.857000
0.184678	0.184574	245.957000
0.184355	0.184247	246.057000
0.184279	0.184163	246.157000
0.184171	0.184060	246.257000
0.184193	0.184085	246.357000
0.184186	0.184085	246.457000
0.184233	0.184120	246.557000
0.184256	0.184138	246.657000
0.184367	0.184275	246.757000
0.184482	0.184381	246.857000
0.184390	0.184279	246.957000
0.183800	0.183687	247.057000
0.183339	0.183226	247.157000
0.183010	0.182903	247.257000
0.182818	0.182704	247.357000
0.182645	0.182533	247.457000
0.182645	0.182531	247.557000
0.182674	0.182546	247.657000
0.182748	0.182654	247.757000
0.182749	0.182636	247.857000
0.182872	0.182758	247.957000
0.182991	0.182876	248.057000
0.183042	0.182928	248.157000
0.182648	0.182554	248.257000
0.182146	0.182029	248.357000
0.181701	0.181597	248.457000
0.181492	0.181377	248.557000
0.181300	0.181184	248.657000
0.181261	0.181142	248.757000
0.181209	0.181114	248.857000
0.181298	0.181177	248.957000
0.181330	0.181205	249.057000
0.181415	0.181301	249.157000
0.181505	0.181400	249.257000
0.181603	0.181485	249.357000
0.181440	0.181322	249.457000
0.180927	0.180808	249.557000
0.180403	0.180304	249.657000
0.180151	0.180042	249.757000
0.179897	0.179789	249.857000
0.179867	0.179747	249.957000
0.179849	0.179736	250.057000
0.179883	0.179780	250.157000
0.179904	0.179790	250.257000
0.179959	0.179849	250.357000
0.180060	0.179949	250.457000
0.180110	0.179992	250.557000
0.180115	0.180008	250.657000
0.179725	0.179614	250.757000
0.179202	0.179084	250.857000
0.178897	0.178783	250.957000
0.178582	0.178480	251.057000
0.178507	0.178395	251.157000
0.178476	0.178365	251.257000
0.178490	0.178385	251.357000
0.178522	0.178402	251.457000
0.178541	0.178419	251.557000
0.178618	0.178515	251.657000
0.178730	0.178629	251.757000
0.178783	0.178667	251.857000
0.178520	0.178421	251.957000
0.177965	0.177844	252.057000
0.177558	0.177455	252.157000
0.177297	0.177175	252.257000
0.177190	0.177095	252.357000
0.177137	0.177018	252.457000
0.177133	0.177007	252.557000
0.177144	0.177040	252.657000
0.177170	0.177061	252.757000
0.177272	0.177168	252.857000
0.177349	0.177225	252.957000
0.177406	0.177300	253.057000
0.177320	0.177221	253.157000
0.176829	0.176716	253.257000
0.176420	0.176312	253.357000
0.176071	0.175958	253.457000
0.175908	0.175797	253.557000
0.175806	0.175697	253.657000
0.175770	0.175658	253.757000
0.175749	0.175634	253.857000
0.175754	0.175644	253.957000
0.175860	0.175752	254.057000
0.175937	0.175829	254.157000
0.175981	0.175880	254.257000
0.176050	0.175940	254.357000
0.175726	0.175617	254.457000
0.175307	0.175194	254.557000
0.174841	0.174737	254.658000
0.174644	0.174535	254.757000
0.174556	0.174456	254.857000
0.174439	0.174314	254.957000
0.174441	0.174341	255.057000
0.174444	0.174331	255.157000
0.174554	0.174458	255.257000
0.174625	0.174487	255.357000
0.174699	0.174600	255.457000
0.174742	0.174622	255.557000
0.174621	0.174516	255.657000
0.174162	0.174051	255.757000
0.173698	0.173586	255.857000
0.173401	0.173287	255.957000
0.173315	0.173204	256.057000
0.173190	0.173089	256.157000
0.173196	0.173090	256.257000
0.173144	0.173035	256.357000
0.173204	0.173100	256.457000
0.173250	0.173151	256.557000
0.173334	0.173241	256.657000
0.173399	0.173276	256.757000
0.173398	0.173277	256.857000
0.172967	0.172867	256.957000
0.172529	0.172408	257.057000
0.172151	0.172050	257.157000
0.172065	0.171966	257.257000
0.171929	0.171818	257.357000
0.171948	0.171827	257.457000
0.171871	0.171766	257.557000
0.171948	0.171846	257.657000
0.171969	0.171859	257.757000
0.172088	0.171973	257.857000
0.172137	0.172031	257.957000
0.172212	0.172110	258.057000
0.171912	0.171804	258.157000
0.171469	0.171354	258.257000
0.171058	0.170941	258.357000
0.170925	0.170823	258.457000
0.170726	0.170623	258.557000
0.170726	0.170608	258.657000
0.170650	0.170541	258.757000
0.170743	0.170620	258.857000
0.170754	0.170650	258.957000
0.170849	0.170744	259.057000
0.170876	0.170771	259.157000
0.170995	0.170873	259.257000
0.170851	0.170754	259.357000
0.170480	0.170370	259.457000
0.170008	0.169907	259.557000
0.169757	0.169636	259.657000
0.169545	0.169448	259.757000
0.169531	0.169429	259.857000
0.169435	0.169323	259.957000
0.169496	0.169399	260.057000
0.169546	0.169425	260.157000
0.169646	0.169532	260.257000
0.169656	0.169551	260.357000
0.169728	0.169631	260.457000
0.169756	0.169647	260.557000
0.169437	0.169318	260.657000
0.168931	0.168825	260.757000
0.168667	0.168574	260.857000
0.168447	0.168342	260.957000
0.168346	0.168238	261.057000
0.168266	0.168150	261.157000
0.168320	0.168208	261.257000
0.168326	0.168217	261.357000
0.168360	0.168252	261.457000
0.168411	0.168303	261.557000
0.168500	0.168380	261.657000
0.168545	0.168427	261.757000
0.168387	0.168278	261.857000
0.167847	0.167738	261.957000
0.167491	0.167390	262.057000
0.167282	0.167164	262.157000
0.167177	0.167063	262.257000
0.167049	0.166944	262.357000
0.167074	0.166977	262.457000
0.167120	0.167008	262.557000
0.167185	0.167064	262.657000
0.167224	0.167113	262.757000
0.167258	0.167150	262.857000
0.167353	0.167258	262.957000
0.167351	0.167232	263.057000
0.166888	0.166776	263.157000
0.166514	0.166399	263.257000
0.166268	0.166161	263.357000
0.166072	0.165966	263.457000
0.165978	0.165863	263.557000
0.165966	0.165862	263.657000
0.165995	0.165886	263.757000
0.165979	0.165864	263.857000
0.166027	0.165925	263.957000
0.166100	0.165982	264.057000
0.166162	0.166065	264.157000
0.166282	0.166174	264.257000
0.165911	0.165807	264.357000
0.165501	0.165401	264.457000
0.165206	0.165095	264.557000
0.164989	0.164868	264.657000
0.164865	0.164751	264.757000
0.164823	0.164711	264.857000
0.164836	0.164729	264.957000
0.164833	0.164726	265.057000
0.164850	0.164735	265.157000
0.164925	0.164808	265.257000
0.164976	0.164871	265.357000
0.165097	0.164993	265.457000
0.164950	0.164828	265.557000
0.164530	0.164416	265.657000
0.164141	0.164022	265.757000
0.163945	0.163828	265.857000
0.163775	0.163677	265.957000
0.163700	0.163594	266.057000
0.163719	0.163603	266.157000
0.163726	0.163614	266.257000
0.163760	0.163659	266.357000
0.163807	0.163696	266.457000
0.163835	0.163726	266.557000
0.163944	0.163823	266.657000
0.163913	0.163808	266.757000
0.163603	0.163497	266.857000
0.163190	0.163093	266.957000
0.162880	0.162771	267.057000
0.162737	0.162626	267.157000
0.162594	0.162470	267.257000
0.162645	0.162550	267.357000
0.162604	0.162504	267.457000
0.162638	0.162527	267.557000
0.162658	0.162540	267.657000
0.162762	0.162652	267.757000
0.162797	0.162679	267.857000
0.162835	0.162728	267.957000
0.162586	0.162477	268.057000
0.162234	0.162116	268.157000
0.161841	0.161739	268.257000
0.161731	0.161624	268.357000
0.161495	0.161407	268.457000
0.161502	0.161394	268.557000
0.161443	0.161335	268.657000
0.161479	0.161382	268.757000
0.161511	0.161409	268.857000
0.161642	0.161525	268.957000
0.161669	0.161550	269.057000
0.161744	0.161634	269.157000
0.161625	0.161526	269.257000
0.161297	0.161198	269.357000
0.160934	0.160828	269.457000
0.160709	0.160597	269.557000
0.160465	0.160356	269.657000
0.160481	0.160366	269.757000
0.160409	0.160314	269.857000
0.160446	0.160337	269.957000
0.160453	0.160337	270.057000
0.160520	0.160422	270.157000
0.160565	0.160467	270.257000
0.160639	0.160531	270.357000
0.160653	0.160556	270.457000
0.160410	0.160302	270.557000
0.159963	0.159851	270.657000
0.159677	0.159584	270.757000
0.159425	0.159327	270.857000
0.159419	0.159308	270.957000
0.159357	0.159229	271.057000
0.159382	0.159276	271.157000
0.159343	0.159235	271.257000
0.159385	0.159265	271.357000
0.159466	0.159362	271.457000
0.159503	0.159382	271.557000
0.159519	0.159411	271.657000
0.159487	0.159370	271.757000
0.159041	0.158931	271.857000
0.158768	0.158657	271.957000
0.158487	0.158375	272.057000
0.158405	0.158300	272.157000
0.158323	0.158220	272.257000
0.158309	0.158211	272.357000
0.158315	0.158206	272.457000
0.158376	0.158269	272.557000
0.158444	0.158335	272.657000
0.158490	0.158371	272.757000
0.158505	0.158401	272.857000
0.158526	0.158423	272.957000
0.158155	0.158057	273.057000
0.157811	0.157695	273.157000
0.157509	0.157407	273.257000
0.157402	0.157305	273.357000
0.157352	0.157227	273.457000
0.157330	0.157214	273.557000
0.157287	0.157186	273.657000
0.157319	0.157212	273.757000
0.157386	0.157273	273.857000
0.157442	0.157322	273.957000
0.157453	0.157343	274.057000
0.157523	0.157410	274.157000
0.157329	0.157223	274.257000
0.156942	0.156830	274.357000
0.156611	0.156513	274.457000
0.156461	0.156340	274.557000
0.156354	0.156243	274.657000
0.156284	0.156182	274.757000
0.156294	0.156190	274.857000
0.156340	0.156235	274.957000
0.156370	0.156263	275.057000
0.156410	0.156298	275.157000
0.156392	0.156295	275.257000
0.156497	0.156395	275.357000
0.156392	0.156285	275.457000
0.156076	0.155958	275.557000
0.155733	0.155619	275.657000
0.155544	0.155444	275.757000
0.155431	0.155322	275.857000
0.155283	0.155172	275.957000
0.155256	0.155152	276.057000
0.155300	0.155188	276.157000
0.155355	0.155246	276.257000
0.155405	0.155296	276.357000
0.155398	0.155294	276.457000
0.155496	0.155397	276.557000
0.155508	0.155388	276.657000
0.155213	0.155101	276.757000
0.154841	0.154736	276.857000
0.154603	0.154494	276.957000
0.154472	0.154346	277.057000
0.154403	0.154302	277.157000
0.154365	0.154254	277.257000
0.154386	0.154273	277.357000
0.154347	0.154254	277.457000
0.154343	0.154230	277.557000
0.154381	0.154255	277.657000
0.154491	0.154375	277.757000
0.154518	0.154423	277.857000
0.154414	0.154312	277.957000
0.154051	0.153929	278.057000
0.153755	0.153643	278.157000
0.153646	0.153542	278.257000
0.153459	0.153349	278.357000
0.153332	0.153220	278.457000
0.153329	0.153217	278.557000
0.153390	0.153297	278.657000
0.153475	0.153356	278.757000
0.153508	0.153413	278.857000
0.153484	0.153385	278.957000
0.153523	0.153415	279.057000
0.153449	0.153337	279.157000
0.153181	0.153087	279.257000
0.152822	0.152722	279.357000
0.152673	0.152564	279.457000
0.152494	0.152375	279.557000
0.152439	0.152332	279.657000
0.152428	0.152321	279.757000
0.152444	0.152349	279.857000
0.152434	0.152320	279.957000
0.152481	0.152367	280.057000
0.152535	0.152422	280.157000
0.152624	0.152529	280.257000
0.152604	0.152504	280.357000
0.152408	0.152296	280.457000
0.152015	0.151909	280.557000
0.151839	0.151730	280.657000
0.151611	0.151500	280.757000
0.151541	0.151436	280.857000
0.151527	0.151415	280.957000
0.151559	0.151446	281.057000
0.151554	0.151435	281.157000
0.151550	0.151441	281.257000
0.151565	0.151463	281.357000
0.151611	0.151501	281.457000
0.151633	0.151527	281.557000
0.151593	0.151479	281.657000
0.151188	0.151090	281.757000
0.150976	0.150872	281.857000
0.150751	0.150644	281.957000
0.150684	0.150578	282.057000
0.150594	0.150483	282.157000
0.150524	0.150420	282.257000
0.150510	0.150405	282.357000
0.150569	0.150463	282.457000
0.150565	0.150473	282.557000
0.150674	0.150565	282.657000
0.150690	0.150598	282.757000
0.150738	0.150633	282.857000
0.150416	0.150316	282.957000
0.150161	0.150047	283.057000
0.149848	0.149742	283.157000
0.149703	0.149600	283.257000
0.149647	0.149539	283.357000
0.149649	0.149544	283.457000
0.149645	0.149521	283.557000
0.149640	0.149529	283.657000
0.149658	0.149561	283.757000
0.149750	0.149648	283.857000
0.149769	0.149659	283.957000
0.149877	0.149761	284.057000
0.149661	0.149560	284.157000
0.149392	0.149299	284.257000
0.149082	0.148967	284.357000
0.148911	0.148801	284.457000
0.148809	0.148696	284.557000
0.148772	0.148662	284.657000
0.148810	0.148704	284.757000
0.148795	0.148689	284.857000
0.148775	0.148662	284.957000
0.148861	0.148749	285.057000
0.148854	0.148753	285.157000
0.148958	0.148856	285.257000
0.148849	0.148749	285.357000
0.148609	0.148492	285.457000
0.148329	0.148229	285.557000
0.148151	0.148052	285.657000
0.147974	0.147865	285.757000
0.147906	0.147808	285.857000
0.147850	0.147742	285.957000
0.147839	0.147728	286.057000
0.147842	0.147750	286.157000
0.147936	0.147840	286.257000
0.147934	0.147826	286.357000
0.148002	0.147887	286.457000
0.147986	0.147881	286.557000
0.147831	0.147733	286.657000
0.147485	0.147376	286.757000
0.147280	0.147173	286.857000
0.147150	0.147044	286.957000
0.147077	0.146956	287.057000
0.147016	0.146905	287.157000
0.146999	0.146893	287.257000
0.147040	0.146944	287.357000
0.147150	0.147040	287.457000
0.147124	0.146997	287.557000
0.147175	0.147081	287.657000
0.147210	0.147101	287.757000
0.147144	0.147038	287.858000
0.146808	0.146688	287.957000
0.146456	0.146350	288.057000
0.146272	0.146158	288.157000
0.146196	0.146089	288.257000
0.146196	0.146098	288.357000
0.146117	0.146002	288.457000
0.146194	0.146092	288.557000
0.146260	0.146142	288.657000
0.146257	0.146163	288.757000
0.146297	0.146175	288.857000
0.146238	0.146128	288.957000
0.146269	0.146173	289.057000
0.146022	0.145907	289.157000
0.145748	0.145645	289.257000
0.145533	0.145430	289.357000
0.145378	0.145267	289.457000
0.145310	0.145221	289.557000
0.145277	0.145149	289.657000
0.145272	0.145184	289.757000
0.145328	0.145203	289.857000
0.145375	0.145272	289.957000
0.145403	0.145296	290.057000
0.145482	0.145391	290.157000
0.145507	0.145397	290.257000
0.145376	0.145268	290.357000
0.145025	0.144925	290.457000
0.144858	0.144743	290.557000
0.144697	0.144586	290.657000
0.144611	0.144519	290.757000
0.144502	0.144386	290.857000
0.144423	0.144309	290.957000
0.144435	0.144337	291.057000
0.144495	0.144395	291.157000
0.144520	0.144413	291.257000
0.144597	0.144489	291.357000
0.144632	0.144524	291.457000
0.144635	0.144525	291.557000
0.144252	0.144144	291.657000
0.144037	0.143943	291.757000
0.143842	0.143725	291.857000
0.143768	0.143654	291.957000
0.143656	0.143534	292.057000
0.143666	0.143565	292.157000
0.143669	0.143564	292.257000
0.143695	0.143585	292.357000
0.143711	0.143597	292.457000
0.143768	0.143667	292.557000
0.143771	0.143673	292.657000
0.143883	0.143765	292.757000
0.143597	0.143483	292.857000
0.143371	0.143264	292.957000
0.143116	0.143013	293.057000
0.143017	0.142917	293.157000
0.142905	0.142796	293.257000
0.142931	0.142812	293.357000
0.142868	0.142770	293.457000
0.142871	0.142774	293.557000
0.142854	0.142742	293.657000
0.142923	0.142807	293.757000
0.142936	0.142832	293.857000
0.143054	0.142943	293.957000
0.142902	0.142796	294.057000
0.142634	0.142534	294.157000
0.142385	0.142273	294.257000
0.142236	0.142121	294.357000
0.142142	0.142028	294.457000
0.142103	0.141985	294.557000
0.142041	0.141940	294.657000
0.142080	0.141960	294.757000
0.142076	0.141968	294.857000
0.142162	0.142058	294.957000
0.142167	0.142069	295.057000
0.142242	0.142130	295.157000
0.142155	0.142054	295.257000
0.141898	0.141805	295.357000
0.141604	0.141500	295.457000
0.141452	0.141355	295.557000
0.141366	0.141265	295.657000
0.141322	0.141204	295.757000
0.141269	0.141163	295.857000
0.141295	0.141203	295.957000
0.141257	0.141147	296.057000
0.141289	0.141175	296.157000
0.141298	0.141188	296.257000
0.141425	0.141322	296.357000
0.141442	0.141331	296.457000
0.141288	0.141196	296.557000
0.140991	0.140881	296.657000
0.140759	0.140657	296.757000
0.140589	0.140485	296.857000
0.140513	0.140407	296.957000
0.140472	0.140380	297.057000
0.140520	0.140419	297.157000
0.140484	0.140363	297.257000
0.140523	0.140412	297.357000
0.140521	0.140418	297.457000
0.140629	0.140529	297.557000
0.140624	0.140508	297.657000
0.140537	0.140434	297.757000
0.140265	0.140152	297.857000
0.140053	0.139956	297.957000
0.139875	0.139782	298.057000
0.139810	0.139705	298.157000
0.139758	0.139653	298.257000
0.139793	0.139691	298.357000
0.139755	0.139664	298.457000
0.139751	0.139641	298.557000
0.139734	0.139626	298.657000
0.139802	0.139699	298.757000
0.139835	0.139726	298.857000
0.139899	0.139797	298.957000
0.139697	0.139589	299.057000
0.139369	0.139266	299.157000
0.139251	0.139144	299.257000
0.139074	0.138977	299.357000
0.138954	0.138877	299.457000
0.138998	0.138877	299.557000
0.138995	0.138884	299.657000
0.139023	0.138906	299.757000
0.138967	0.138871	299.857000
0.139047	0.138942	299.957000
0.139060	0.138949	300.057000
0.139119	0.139004	300.157000
0.139036	0.138925	300.257000
0.138724	0.138615	300.357000
0.138528	0.138437	300.457000
0.138370	0.138259	300.557000
0.138317	0.138205	300.657000
0.138215	0.138096	300.757000
0.138187	0.138098	300.857000
0.138222	0.138099	300.957000
0.138223	0.138128	301.057000
0.138241	0.138126	301.157000
0.138338	0.138235	301.257000
0.138346	0.138242	301.357000
0.138401	0.138311	301.457000
0.138133	0.138015	301.557000
0.137919	0.137812	301.657000
0.137624	0.137507	301.757000
0.137531	0.137442	301.857000
0.137481	0.137379	301.957000
0.137501	0.137384	302.057000
0.137478	0.137373	302.157000
0.137552	0.137450	302.257000
0.137589	0.137482	302.357000
0.137643	0.137538	302.457000
0.137600	0.137491	302.557000
0.137674	0.137566	302.657000
0.137462	0.137358	302.757000
0.137216	0.137126	302.857000
0.137017	0.136911	302.957000
0.136885	0.136768	303.057000
0.136761	0.136643	303.157000
0.136735	0.136634	303.257000
0.136747	0.136641	303.358000
0.136792	0.136683	303.457000
0.136794	0.136685	303.557000
0.136877	0.136757	303.657000
0.136867	0.136753	303.757000
0.136941	0.136830	303.857000
0.136782	0.136690	303.957000
0.136577	0.136468	304.057000
0.136286	0.136164	304.157000
0.136170	0.136065	304.257000
0.136098	0.136005	304.357000
0.136074	0.135956	304.457000
0.136033	0.135925	304.557000
0.136043	0.135940	304.657000
0.136021	0.135923	304.757000
0.136118	0.136013	304.857000
0.136090	0.135990	304.957000
0.136174	0.136059	305.057000
0.136140	0.136029	305.157000
0.135965	0.135866	305.257000
0.135674	0.135573	305.357000
0.135526	0.135424	305.457000
0.135381	0.135273	305.557000
0.135338	0.135225	305.657000
0.135341	0.135232	305.757000
0.135369	0.135254	305.857000
0.135293	0.135192	305.957000
0.135389	0.135271	306.057000
0.135380	0.135266	306.157000
0.135474	0.135372	306.257000
0.135454	0.135354	306.357000
0.135377	0.135272	306.457000
0.135069	0.134958	306.557000
0.134860	0.134757	306.657000
0.134720	0.134631	306.757000
0.134657	0.134559	306.857000
0.134600	0.134481	306.957000
0.134615	0.134506	307.057000
0.134605	0.134498	307.157000
0.134650	0.134547	307.257000
0.134630	0.134528	307.357000
0.134701	0.134602	307.457000
0.134733	0.134614	307.557000
0.134711	0.134619	307.657000
0.134478	0.134377	307.757000
0.134243	0.134135	307.857000
0.134086	0.133983	307.957000
0.134046	0.133935	308.057000
0.133961	0.133859	308.157000
0.133937	0.133832	308.257000
0.133854	0.133751	308.357000
0.133929	0.133828	308.457000
0.133960	0.133846	308.557000
0.134000	0.133899	308.657000
0.134030	0.133929	308.757000
0.134039	0.133931	308.857000
0.133897	0.133789	308.957000
0.133636	0.133526	309.057000
0.133498	0.133393	309.157000
0.133401	0.133294	309.257000
0.133324	0.133221	309.357000
0.133308	0.133199	309.457000
0.133255	0.133154	309.557000
0.133302	0.133194	309.657000
0.133232	0.133126	309.757000
0.133290	0.133190	309.857000
0.133307	0.133193	309.957000
0.133384	0.133270	310.057000
0.133308	0.133199	310.157000
0.133041	0.132935	310.257000
0.132801	0.132692	310.357000
0.132685	0.132569	310.457000
0.132600	0.132491	310.557000
0.132619	0.132519	310.657000
0.132573	0.132479	310.757000
0.132597	0.132496	310.857000
0.132589	0.132478	310.957000
0.132629	0.132508	311.057000
0.132642	0.132538	311.157000
0.132679	0.132576	311.257000
0.132691	0.132580	311.357000
0.132489	0.132361	311.457000
0.132270	0.132168	311.557000
0.132088	0.131978	311.657000
0.131977	0.131886	311.757000
0.131942	0.131823	311.857000
0.131918	0.131827	311.957000
0.131934	0.131832	312.057000
0.131938	0.131840	312.157000
0.131939	0.131829	312.257000
0.132004	0.131903	312.357000
0.132033	0.131912	312.457000
0.132100	0.132010	312.557000
0.131886	0.131780	312.657000
0.131665	0.131562	312.757000
0.131475	0.131354	312.857000
0.131401	0.131295	312.957000
0.131279	0.131173	313.057000
0.131239	0.131129	313.157000
0.131234	0.131135	313.257000
0.131288	0.131172	313.357000
0.131256	0.131145	313.457000
0.131330	0.131221	313.557000
0.131315	0.131213	313.657000
0.131398	0.131280	313.757000
0.131313	0.131196	313.857000
0.131111	0.131012	313.957000
0.130865	0.130765	314.057000
0.130738	0.130626	314.157000
0.130714	0.130615	314.257000
0.130641	0.130528	314.357000
0.130621	0.130513	314.457000
0.130642	0.130522	314.557000
0.130566	0.130467	314.657000
0.130626	0.130526	314.757000
0.130640	0.130531	314.857000
0.130729	0.130615	314.957000
0.130672	0.130576	315.057000
0.130506	0.130407	315.157000
0.130255	0.130162	315.257000
0.130134	0.130017	315.357000
0.130041	0.129935	315.457000
0.129989	0.129880	315.557000
0.129946	0.129861	315.657000
0.129993	0.129883	315.757000
0.129954	0.129844	315.857000
0.130009	0.129890	315.957000
0.130017	0.129920	316.057000
0.130073	0.129977	316.157000
0.130063	0.129951	316.257000
0.129974	0.129858	316.357000
0.129721	0.129617	316.457000
0.129572	0.129461	316.557000
0.129403	0.129305	316.657000
0.129340	0.129241	316.757000
0.129316	0.129215	316.857000
0.129383	0.129265	316.957000
0.129297	0.129198	317.057000
0.129301	0.129213	317.157000
0.129315	0.129208	317.257000
0.129376	0.129276	317.357000
0.129380	0.129281	317.457000
0.129403	0.129306	317.557000
0.129216	0.129120	317.657000
0.129042	0.128933	317.757000
0.128896	0.128795	317.857000
0.128780	0.128667	317.957000
0.128708	0.128609	318.057000
0.128744	0.128634	318.157000
0.128705	0.128598	318.257000
0.128720	0.128606	318.357000
0.128727	0.128616	318.457000
0.128786	0.128705	318.557000
0.128819	0.128707	318.657000
0.128806	0.128699	318.757000
0.128658	0.128545	318.857000
0.128429	0.128332	318.957000
0.128247	0.128145	319.057000
0.128149	0.128040	319.157000
0.128140	0.128022	319.257000
0.128083	0.127971	319.357000
0.128018	0.127903	319.457000
0.128052	0.127949	319.557000
0.128059	0.127944	319.657000
0.128101	0.127994	319.757000
0.128137	0.128025	319.857000
0.128162	0.128057	319.957000
0.128102	0.127994	320.057000
0.127883	0.127782	320.157000
0.127685	0.127584	320.257000
0.127561	0.127445	320.357000
0.127509	0.127408	320.457000
0.127450	0.127337	320.557000
0.127406	0.127287	320.657000
0.127403	0.127291	320.757000
0.127442	0.127337	320.857000
0.127477	0.127390	320.957000
0.127523	0.127408	321.057000
0.127512	0.127408	321.157000
0.127529	0.127428	321.257000
0.127340	0.127225	321.357000
0.127131	0.127023	321.457000
0.126985	0.126872	321.557000
0.126882	0.126785	321.657000
0.126869	0.126756	321.757000
0.126815	0.126705	321.857000
0.126854	0.126761	321.957000
0.126885	0.126788	322.057000
0.126860	0.126746	322.157000
0.126902	0.126794	322.257000
0.126877	0.126771	322.357000
0.126929	0.126832	322.457000
0.126833	0.126732	322.557000
0.126643	0.126540	322.657000
0.126482	0.126351	322.757000
0.126356	0.126246	322.857000
0.126329	0.126218	322.957000
0.126256	0.126154	323.057000
0.126213	0.126091	323.157000
0.126227	0.126127	323.257000
0.126202	0.126093	323.357000
0.126253	0.126160	323.457000
0.126207	0.126093	323.557000
0.126298	0.126199	323.657000
0.126348	0.126237	323.757000
0.126123	0.126018	323.857000
0.125901	0.125787	323.957000
0.125762	0.125662	324.057000
0.125692	0.125585	324.157000
0.125679	0.125564	324.257000
0.125616	0.125522	324.357000
0.125675	0.125567	324.457000
0.125638	0.125539	324.557000
0.125749	0.125631	324.657000
0.125736	0.125631	324.757000
0.125789	0.125684	324.857000
0.125786	0.125699	324.957000
0.125654	0.125566	325.057000
0.125384	0.125280	325.157000
0.125223	0.125114	325.257000
0.125118	0.125021	325.357000
0.125048	0.124950	325.457000
0.125011	0.124900	325.557000
0.125053	0.124945	325.657000
0.125049	0.124949	325.757000
0.125130	0.125023	325.857000
0.125074	0.124971	325.957000
0.125159	0.125068	326.057000
0.125186	0.125084	326.157000
0.125141	0.125026	326.257000
0.124891	0.124792	326.357000
0.124752	0.124652	326.457000
0.124594	0.124493	326.557000
0.124554	0.124433	326.657000
0.124498	0.124390	326.757000
0.124520	0.124421	326.857000
0.124463	0.124372	326.957000
0.124524	0.124412	327.057000
0.124466	0.124375	327.157000
0.124554	0.124438	327.257000
0.124527	0.124427	327.357000
0.124564	0.124463	327.457000
0.124391	0.124288	327.557000
0.124210	0.124086	327.658000
0.124056	0.123965	327.757000
0.124000	0.123893	327.857000
0.123894	0.123796	327.957000
0.123897	0.123790	328.057000
0.123882	0.123762	328.157000
0.123953	0.123843	328.257000
0.123903	0.123799	328.357000
0.123913	0.123819	328.457000
0.123994	0.123897	328.557000
0.124036	0.123921	328.657000
0.123872	0.123758	328.757000
0.123677	0.123572	328.857000
0.123505	0.123397	328.957000
0.123474	0.123361	329.057000
0.123405	0.123290	329.157000
0.123368	0.123271	329.257000
0.123279	0.123187	329.357000
0.123328	0.123236	329.457000
0.123327	0.123218	329.557000
0.123332	0.123231	329.657000
0.123397	0.123284	329.757000
0.123445	0.123344	329.857000
0.123380	0.123280	329.957000
0.123191	0.123085	330.057000
0.123064	0.122957	330.157000
0.122954	0.122842	330.257000
0.122820	0.122725	330.357000
0.122767	0.122667	330.457000
0.122760	0.122648	330.557000
0.122776	0.122680	330.657000
0.122790	0.122665	330.757000
0.122807	0.122701	330.857000
0.122860	0.122756	330.957000
0.122870	0.122768	331.057000
0.122843	0.122733	331.157000
0.122709	0.122608	331.257000
0.122507	0.122411	331.357000
0.122403	0.122291	331.457000
0.122262	0.122157	331.557000
0.122223	0.122118	331.657000
0.122236	0.122128	331.757000
0.122215	0.122110	331.857000
0.122207	0.122093	331.957000
0.122238	0.122123	332.057000
0.122263	0.122158	332.157000
0.122268	0.122157	332.257000
0.122263	0.122170	332.357000
0.122157	0.122058	332.457000
0.121989	0.121893	332.557000
0.121875	0.121768	332.657000
0.121764	0.121669	332.757000
0.121670	0.121567	332.857000
0.121658	0.121551	332.957000
0.121676	0.121568	333.057000
0.121642	0.121547	333.157000
0.121674	0.121570	333.257000
0.121666	0.121567	333.357000
0.121699	0.121587	333.457000
0.121745	0.121636	333.557000
0.121746	0.121632	333.657000
0.121508	0.121431	333.757000
0.121371	0.121257	333.857000
0.121226	0.121107	333.957000
0.121204	0.121079	334.057000
0.121138	0.121042	334.157000
0.121112	0.121001	334.257000
0.121117	0.121021	334.357000
0.121126	0.121001	334.457000
0.121145	0.121049	334.557000
0.121128	0.121010	334.657000
0.121182	0.121091	334.757000
0.121193	0.121076	334.857000
0.121117	0.121007	334.957000
0.120920	0.120819	335.057000
0.120819	0.120718	335.157000
0.120675	0.120583	335.257000
0.120670	0.120554	335.357000
0.120565	0.120463	335.457000
0.120609	0.120503	335.557000
0.120533	0.120428	335.657000
0.120606	0.120513	335.757000
0.120601	0.120500	335.857000
0.120629	0.120510	335.957000
0.120637	0.120517	336.057000
0.120591	0.120495	336.157000
0.120417	0.120320	336.257000
0.120276	0.120165	336.357000
0.120147	0.120032	336.457000
0.120128	0.120020	336.557000
0.120020	0.119912	336.657000
0.120077	0.119973	336.757000
0.120011	0.119914	336.857000
0.120095	0.119983	336.957000
0.120093	0.119981	337.057000
0.120104	0.119999	337.157000
0.120097	0.119999	337.257000
0.120122	0.120012	337.357000
0.120009	0.119899	337.457000
0.119837	0.119730	337.557000
0.119692	0.119601	337.658000
0.119643	0.119536	337.757000
0.119538	0.119433	337.857000
0.119530	0.119422	337.957000
0.119457	0.119355	338.057000
0.119529	0.119428	338.157000
0.119518	0.119425	338.257000
0.119599	0.119475	338.357000
0.119601	0.119491	338.457000
0.119641	0.119538	338.557000
0.119550	0.119473	338.657000
0.119369	0.119257	338.757000
0.119154	0.119055	338.857000
0.119106	0.118997	338.957000
0.119030	0.118915	339.057000
0.119064	0.118969	339.157000
0.118970	0.118871	339.257000
0.119009	0.118912	339.357000
0.119032	0.118914	339.457000
0.119040	0.118941	339.557000
0.119010	0.118924	339.657000
0.119062	0.118952	339.757000
0.119051	0.118949	339.857000
0.118914	0.118807	339.957000
0.118744	0.118646	340.057000
0.118665	0.118564	340.157000
0.118585	0.118474	340.257000
0.118525	0.118420	340.357000
0.118479	0.118355	340.457000
0.118447	0.118346	340.557000
0.118469	0.118380	340.657000
0.118516	0.118422	340.757000
0.118525	0.118413	340.857000
0.118600	0.118492	340.957000
0.118603	0.118510	341.057000
0.118488	0.118394	341.157000
0.118230	0.118134	341.257000
0.118154	0.118051	341.357000
0.118063	0.117955	341.457000
0.118055	0.117947	341.557000
0.118037	0.117932	341.657000
0.118004	0.117901	341.757000
0.118019	0.117904	341.857000
0.118027	0.117919	341.957000
0.118001	0.117905	342.057000
0.118052	0.117949	342.157000
0.118073	0.117982	342.257000
0.118037	0.117916	342.357000
0.117821	0.117710	342.457000
0.117703	0.117600	342.557000
0.117590	0.117486	342.657000
0.117529	0.117422	342.757000
0.117506	0.117394	342.857000
0.117475	0.117360	342.957000
0.117497	0.117402	343.057000
0.117521	0.117421	343.157000
0.117534	0.117428	343.257000
0.117528	0.117406	343.357000
0.117569	0.117467	343.457000
0.117601	0.117494	343.557000
0.117419	0.117316	343.657000
0.117238	0.117134	343.757000
0.117134	0.117030	343.857000
0.117059	0.116947	343.957000
0.117001	0.116913	344.057000
0.117004	0.116901	344.157000
0.117028	0.116930	344.257000
0.117011	0.116886	344.357000
0.117014	0.116916	344.457000
0.117055	0.116944	344.557000
0.117044	0.116945	344.657000
0.117082	0.116983	344.757000
0.116993	0.116892	344.857000
0.116825	0.116712	344.957000
0.116683	0.116591	345.057000
0.116563	0.116464	345.157000
0.116518	0.116429	345.257000
0.116467	0.116362	345.357000
0.116504	0.116406	345.457000
0.116462	0.116365	345.557000
0.116474	0.116383	345.657000
0.116507	0.116397	345.757000
0.116562	0.116463	345.857000
0.116581	0.116473	345.957000
0.116563	0.116451	346.057000
0.116391	0.116290	346.157000
0.116284	0.116179	346.257000
0.116130	0.116020	346.357000
0.116081	0.115979	346.457000
0.115980	0.115866	346.557000
0.116022	0.115929	346.657000
0.116026	0.115919	346.757000
0.116038	0.115932	346.857000
0.116037	0.115935	346.957000
0.116076	0.115978	347.057000
0.116089	0.115994	347.157000
0.116080	0.115986	347.257000
0.115908	0.115806	347.357000
0.115821	0.115705	347.457000
0.115646	0.115547	347.557000
0.115645	0.115533	347.657000
0.115562	0.115457	347.757000
0.115585	0.115477	347.857000
0.115554	0.115443	347.957000
0.115586	0.115468	348.057000
0.115547	0.115445	348.157000
0.115550	0.115452	348.257000
0.115593	0.115492	348.357000
0.115672	0.115549	348.457000
0.115571	0.115470	348.557000
0.115428	0.115323	348.657000
0.115246	0.115146	348.757000
0.115178	0.115065	348.857000
0.115075	0.114963	348.957000
0.115075	0.114972	349.057000
0.115035	0.114933	349.157000
0.115084	0.114980	349.257000
0.115102	0.114997	349.357000
0.115148	0.115035	349.457000
0.115122	0.115027	349.557000
0.115144	0.115040	349.657000
0.115096	0.115001	349.757000
0.115002	0.114887	349.857000
0.114793	0.114700	349.957000
0.114748	0.114639	350.057000
0.114627	0.114527	350.157000
0.114596	0.114503	350.257000
0.114570	0.114459	350.357000
0.114596	0.114482	350.457000
0.114585	0.114478	350.557000
0.114666	0.114561	350.657000
0.114627	0.114531	350.757000
0.114673	0.114554	350.857000
0.114647	0.114546	350.957000
0.114611	0.114510	351.057000
0.114394	0.114289	351.157000
0.114292	0.114182	351.257000
0.114163	0.114063	351.357000
0.114150	0.114053	351.457000
0.114147	0.114039	351.557000
0.114135	0.114039	351.657000
0.114114	0.114026	351.757000
0.114136	0.114037	351.857000
0.114150	0.114035	351.957000
0.114164	0.114061	352.057000
0.114165	0.114059	352.157000
0.114164	0.114059	352.257000
0.114006	0.113905	352.357000
0.113885	0.113789	352.457000
0.113792	0.113674	352.557000
0.113697	0.113600	352.657000
0.113642	0.113555	352.757000
0.113646	0.113544	352.857000
0.113663	0.113553	352.957000
0.113676	0.113565	353.057000
0.113660	0.113564	353.157000
0.113698	0.113603	353.257000
0.113694	0.113585	353.357000
0.113716	0.113609	353.457000
0.113582	0.113477	353.557000
0.113475	0.113379	353.657000
0.113353	0.113252	353.757000
0.113263	0.113165	353.857000
0.113270	0.113171	353.957000
0.113223	0.113113	354.057000
0.113235	0.113142	354.157000
0.113240	0.113131	354.257000
0.113233	0.113129	354.357000
0.113225	0.113113	354.457000
0.113266	0.113168	354.557000
0.113290	0.113192	354.657000
0.113170	0.113065	354.757000
0.113007	0.112902	354.857000
0.112921	0.112806	354.957000
0.112806	0.112692	355.057000
0.112780	0.112682	355.157000
0.112765	0.112664	355.257000
0.112760	0.112653	355.357000
0.112744	0.112627	355.457000
0.112742	0.112647	355.557000
0.112829	0.112715	355.657000
0.112813	0.112710	355.757000
0.112821	0.112711	355.857000
0.112803	0.112702	355.957000
0.112646	0.112538	356.057000
0.112519	0.112425	356.157000
0.112444	0.112326	356.257000
0.112418	0.112317	356.357000
0.112372	0.112244	356.457000
0.112367	0.112273	356.557000
0.112335	0.112223	356.657000
0.112361	0.112265	356.757000
0.112386	0.112265	356.857000
0.112356	0.112244	356.957000
0.112353	0.112256	357.057000
0.112385	0.112277	357.157000
0.112256	0.112158	357.257000
0.112160	0.112048	357.357000
0.111963	0.111858	357.457000
0.111949	0.111847	357.558000
0.111862	0.111763	357.657000
0.111879	0.111771	357.757000
0.111861	0.111749	357.857000
0.111930	0.111824	357.957000
0.111913	0.111823	358.057000
0.111964	0.111852	358.157000
0.111887	0.111785	358.257000
0.111902	0.111794	358.357000
0.111833	0.111717	358.457000
0.111768	0.111650	358.557000
0.111570	0.111475	358.657000
0.111525	0.111416	358.757000
0.111459	0.111354	358.857000
0.111457	0.111342	358.957000
0.111400	0.111301	359.057000
0.111402	0.111305	359.157000
0.111439	0.111330	359.257000
0.111497	0.111372	359.357000
0.111469	0.111360	359.457000
0.111509	0.111400	359.557000
0.111428	0.111340	359.657000
0.111411	0.111304	359.758000
0.111234	0.111132	359.857000
0.111130	0.111026	359.957000
0.111043	0.110948	360.057000
0.111011	0.110904	360.157000
0.110965	0.110859	360.257000
0.110997	0.110899	360.357000
0.111011	0.110910	360.457000
0.111059	0.110954	360.557000
0.111011	0.110916	360.657000
0.111123	0.111012	360.757000
0.111093	0.110985	360.857000
0.111022	0.110912	360.957000
0.110804	0.110705	361.057000
0.110690	0.110593	361.157000
0.110587	0.110479	361.257000
0.110568	0.110446	361.357000
0.110562	0.110460	361.457000
0.110561	0.110459	361.557000
0.110577	0.110477	361.657000
0.110584	0.110471	361.757000
0.110557	0.110454	361.857000
0.110630	0.110514	361.957000
0.110626	0.110517	362.057000
0.110646	0.110549	362.157000
0.110477	0.110366	362.257000
0.110342	0.110232	362.357000
0.110238	0.110144	362.457000
0.110203	0.110108	362.557000
0.110114	0.110002	362.657000
0.110089	0.109974	362.757000
0.110156	0.110049	362.857000
0.110197	0.110093	362.957000
0.110162	0.110057	363.057000
0.110183	0.110082	363.157000
0.110196	0.110073	363.257000
0.110239	0.110130	363.357000
0.110119	0.110018	363.457000
0.110003	0.109902	363.557000
0.109820	0.109709	363.657000
0.109767	0.109652	363.757000
0.109749	0.109645	363.857000
0.109723	0.109620	363.957000
0.109682	0.109580	364.057000
0.109702	0.109591	364.157000
0.109677	0.109579	364.257000
0.109762	0.109663	364.357000
0.109769	0.109653	364.457000
0.109804	0.109707	364.557000
0.109743	0.109642	364.657000
0.109587	0.109475	364.757000
0.109469	0.109379	364.857000
0.109450	0.109353	364.957000
0.109396	0.109288	365.057000
0.109353	0.109239	365.157000
0.109304	0.109203	365.257000
0.109308	0.109204	365.357000
0.109293	0.109194	365.457000
0.109308	0.109220	365.557000
0.109364	0.109265	365.657000
0.109364	0.109255	365.757000
0.109416	0.109311	365.857000
0.109250	0.109155	365.957000
0.109110	0.109023	366.057000
0.109040	0.108919	366.157000
0.108977	0.108876	366.257000
0.108950	0.108838	366.357000
0.108916	0.108824	366.457000
0.108950	0.108844	366.557000
0.108949	0.108852	366.657000
0.108964	0.108844	366.757000
0.108981	0.108879	366.857000
0.108942	0.108849	366.957000
0.109035	0.108939	367.057000
0.108913	0.108791	367.157000
0.108817	0.108714	367.257000
0.108662	0.108563	367.357000
0.108629	0.108534	367.457000
0.108567	0.108465	367.557000
0.108576	0.108482	367.657000
0.108561	0.108455	367.757000
0.108595	0.108471	367.857000
0.108551	0.108459	367.957000
0.108570	0.108475	368.057000
0.108570	0.108458	368.157000
0.108637	0.108523	368.257000
0.108533	0.108443	368.357000
0.108445	0.108356	368.457000
0.108366	0.108265	368.557000
0.108293	0.108192	368.657000
0.108175	0.108065	368.757000
0.108186	0.108086	368.857000
0.108146	0.108054	368.957000
0.108166	0.108065	369.057000
0.108145	0.108045	369.157000
0.108176	0.108060	369.257000
0.108149	0.108057	369.357000
0.108256	0.108159	369.457000
0.108186	0.108089	369.557000
0.108094	0.107988	369.657000
0.107955	0.107857	369.757000
0.107912	0.107803	369.857000
0.107803	0.107695	369.957000
0.107757	0.107657	370.057000
0.107760	0.107668	370.157000
0.107818	0.107698	370.257000
0.107746	0.107637	370.357000
0.107738	0.107649	370.457000
0.107745	0.107639	370.557000
0.107815	0.107697	370.657000
0.107793	0.107682	370.757000
0.107702	0.107611	370.857000
0.107550	0.107449	370.957000
0.107494	0.107387	371.057000
0.107408	0.107295	371.157000
0.107365	0.107253	371.257000
0.107344	0.107239	371.357000
0.107364	0.107266	371.457000
0.107328	0.107223	371.557000
0.107382	0.107259	371.657000
0.107361	0.107243	371.757000
0.107459	0.107356	371.857000
0.107403	0.107291	371.957000
0.107373	0.107259	372.057000
0.107229	0.107121	372.157000
0.107151	0.107041	372.257000
0.107060	0.106947	372.357000
0.107016	0.106922	372.457000
0.106997	0.106895	372.557000
0.107011	0.106896	372.657000
0.106953	0.106837	372.757000
0.107009	0.106906	372.857000
0.106995	0.106905	372.957000
0.107048	0.106959	373.057000
0.107034	0.106927	373.157000
0.107042	0.106939	373.257000
0.106965	0.106874	373.357000
0.106847	0.106744	373.457000
0.106734	0.106635	373.557000
0.106704	0.106597	373.657000
0.106599	0.106493	373.757000
0.106630	0.106529	373.857000
0.106596	0.106504	373.957000
0.106653	0.106537	374.057000
0.106645	0.106536	374.157000
0.106643	0.106544	374.257000
0.106642	0.106534	374.357000
0.106593	0.106487	374.457000
0.106557	0.106454	374.557000
0.106485	0.106373	374.657000
0.106381	0.106267	374.757000
0.106305	0.106208	374.857000
0.106235	0.106139	374.957000
0.106236	0.106127	375.057000
0.106208	0.106091	375.157000
0.106237	0.106133	375.257000
0.106219	0.106128	375.357000
0.106231	0.106126	375.457000
0.106229	0.106115	375.557000
0.106239	0.106120	375.657000
0.106284	0.106172	375.757000
0.106163	0.106064	375.857000
0.106009	0.105910	375.957000
0.105910	0.105811	376.057000
0.105860	0.105752	376.157000
0.105868	0.105769	376.257000
0.105805	0.105716	376.357000
0.105828	0.105735	376.457000
0.105854	0.105750	376.557000
0.105882	0.105787	376.657000
0.105916	0.105814	376.757000
0.105911	0.105803	376.857000
0.105903	0.105816	376.957000
0.105850	0.105745	377.057000
0.105703	0.105602	377.157000
0.105612	0.105505	377.257000
0.105538	0.105461	377.357000
0.105569	0.105464	377.457000
0.105611	0.105514	377.557000
0.105561	0.105448	377.657000
0.105529	0.105436	377.757000
0.105512	0.105402	377.857000
0.105506	0.105410	377.957000
0.105431	0.105319	378.057000
0.105522	0.105423	378.157000
0.105454	0.105354	378.257000
0.105426	0.105324	378.357000
0.105288	0.105176	378.457000
0.105238	0.105134	378.557000
0.105185	0.105082	378.657000
0.105138	0.105039	378.757000
0.105057	0.104968	378.857000
0.105100	0.104990	378.957000
0.105093	0.104975	379.057000
0.105147	0.105036	379.157000
0.105084	0.104972	379.257000
0.105168	0.105073	379.357000
0.105141	0.105039	379.457000
0.105093	0.104981	379.557000
0.105006	0.104887	379.657000
0.104903	0.104811	379.757000
0.104840	0.104739	379.857000
0.104775	0.104670	379.957000
0.104691	0.104580	380.057000
0.104780	0.104666	380.157000
0.104742	0.104643	380.257000
0.104796	0.104689	380.357000
0.104768	0.104669	380.457000
0.104793	0.104696	380.557000
0.104777	0.104674	380.657000
0.104732	0.104636	380.757000
0.104637	0.104547	380.857000
0.104515	0.104411	380.957000
0.104429	0.104324	381.057000
0.104412	0.104300	381.157000
0.104369	0.104274	381.257000
0.104407	0.104305	381.357000
0.104371	0.104273	381.457000
0.104387	0.104272	381.557000
0.104377	0.104260	381.657000
0.104380	0.104276	381.757000
0.104386	0.104294	381.857000
0.104398	0.104288	381.957000
0.104290	0.104183	382.057000
0.104169	0.104065	382.157000
0.104087	0.104002	382.257000
0.104075	0.103957	382.357000
0.103978	0.103875	382.457000
0.104029	0.103921	382.557000
0.104012	0.103898	382.657000
0.104046	0.103946	382.757000
0.104049	0.103952	382.857000
0.104016	0.103913	382.957000
0.104057	0.103952	383.057000
0.104071	0.103971	383.157000
0.103951	0.103856	383.257000
0.103877	0.103780	383.357000
0.103734	0.103641	383.457000
0.103715	0.103609	383.557000
0.103625	0.103524	383.657000
0.103645	0.103536	383.757000
0.103590	0.103491	383.857000
0.103602	0.103504	383.957000
0.103656	0.103547	384.057000
0.103661	0.103548	384.157000
0.103712	0.103612	384.257000
0.103723	0.103616	384.357000
0.103691	0.103588	384.457000
0.103582	0.103465	384.557000
0.103454	0.103342	384.657000
0.103399	0.103291	384.757000
0.103297	0.103199	384.857000
0.103303	0.103204	384.957000
0.103261	0.103159	385.057000
0.103298	0.103177	385.157000
0.103280	0.103184	385.257000
0.103300	0.103201	385.357000
0.103319	0.103222	385.457000
0.103351	0.103246	385.557000
0.103350	0.103257	385.657000
0.103269	0.103164	385.757000
0.103135	0.103030	385.857000
0.103052	0.102954	385.957000
0.103001	0.102888	386.057000
0.103015	0.102902	386.157000
0.102981	0.102874	386.257000
0.103030	0.102934	386.357000
0.103028	0.102920	386.457000
0.102972	0.102861	386.557000
0.102994	0.102900	386.657000
0.102946	0.102852	386.757000
0.102976	0.102872	386.857000
0.102906	0.102810	386.957000
0.102809	0.102695	387.057000
0.102743	0.102636	387.157000
0.102671	0.102567	387.257000
0.102639	0.102541	387.357000
0.102585	0.102486	387.457000
0.102618	0.102500	387.557000
0.102637	0.102533	387.657000
0.102595	0.102496	387.757000
0.102625	0.102532	387.857000
0.102619	0.102502	387.957000
0.102664	0.102567	388.057000
0.102634	0.102521	388.157000
0.102513	0.102427	388.257000
0.102405	0.102302	388.357000
0.102323	0.102222	388.457000
0.102243	0.102128	388.558000
0.102257	0.102147	388.657000
0.102217	0.102115	388.757000
0.102237	0.102144	388.857000
0.102188	0.102061	388.957000
0.102231	0.102131	389.057000
0.102222	0.102119	389.157000
0.102293	0.102186	389.257000
0.102264	0.102165	389.357000
0.102205	0.102095	389.457000
0.102090	0.101988	389.557000
0.102027	0.101908	389.658000
0.101930	0.101832	389.757000
0.101957	0.101858	389.857000
0.101893	0.101786	389.957000
0.101950	0.101851	390.057000
0.101895	0.101784	390.157000
0.101949	0.101848	390.257000
0.101913	0.101815	390.357000
0.101938	0.101836	390.457000
0.101941	0.101822	390.557000
0.101918	0.101821	390.657000
0.101769	0.101670	390.757000
0.101704	0.101599	390.857000
0.101609	0.101507	390.957000
0.101609	0.101482	391.057000
0.101539	0.101426	391.157000
0.101593	0.101490	391.257000
0.101520	0.101415	391.357000
0.101538	0.101438	391.457000
0.101543	0.101436	391.557000
0.101609	0.101485	391.657000
0.101591	0.101490	391.757000
0.101563	0.101467	391.857000
0.101472	0.101375	391.958000
0.101400	0.101277	392.057000
0.101301	0.101192	392.157000
0.101277	0.101169	392.257000
0.101201	0.101098	392.357000
0.101192	0.101092	392.457000
0.101173	0.101075	392.557000
0.101185	0.101070	392.657000
0.101179	0.101071	392.757000
0.101195	0.101095	392.857000
0.101215	0.101119	392.957000
0.101273	0.101152	393.058000
0.101196	0.101079	393.157000
0.101113	0.101001	393.257000
0.100949	0.100848	393.357000
0.100865	0.100761	393.457000
0.100848	0.100745	393.557000
0.100880	0.100777	393.657000
0.100883	0.100776	393.757000
0.100849	0.100742	393.857000
0.100827	0.100731	393.957000
0.100885	0.100763	394.057000
0.100889	0.100787	394.157000
0.100916	0.100809	394.257000
0.100824	0.100744	394.357000
0.100789	0.100685	394.457000
0.100630	0.100530	394.557000
0.100636	0.100521	394.657000
0.100553	0.100447	394.757000
0.100530	0.100428	394.857000
0.100505	0.100391	394.957000
0.100556	0.100445	395.057000
0.100508	0.100402	395.157000
0.100528	0.100430	395.257000
0.100553	0.100457	395.357000
0.100588	0.100488	395.457000
0.100523	0.100421	395.557000
0.100482	0.100378	395.657000
0.100339	0.100231	395.757000
0.100289	0.100186	395.857000
0.100191	0.100089	395.957000
0.100186	0.100080	396.057000
0.100169	0.100065	396.157000
0.100157	0.100047	396.257000
0.100156	0.100069	396.357000
0.100201	0.100098	396.457000
0.100195	0.100083	396.557000
0.100219	0.100115	396.657000
0.100190	0.100090	396.757000
0.100133	0.100036	396.857000
0.100018	0.099911	396.957000
0.099956	0.099854	397.057000
0.099910	0.099797	397.157000
0.099846	0.099747	397.257000
0.099820	0.099725	397.357000
0.099835	0.099733	397.457000
0.099831	0.099720	397.557000
0.099867	0.099757	397.657000
0.099795	0.099699	397.757000
0.099892	0.099794	397.857000
0.099892	0.099785	397.957000
0.099835	0.099727	398.057000
0.099742	0.099620	398.157000
0.099613	0.099512	398.257000
0.099596	0.099493	398.357000
0.099568	0.099472	398.457000
0.099540	0.099438	398.558000
0.099479	0.099358	398.657000
0.099469	0.099383	398.757000
0.099519	0.099415	398.857000
0.099470	0.099364	398.957000
0.099495	0.099385	399.057000
0.099536	0.099437	399.157000
0.099601	0.099502	399.257000
0.099532	0.099435	399.357000
0.099365	0.099264	399.457000
0.099266	0.099161	399.557000
0.099195	0.099089	399.657000
0.099209	0.099112	399.757000
0.099146	0.099048	399.857000
0.099190	0.099095	399.957000
0.099163	0.099062	400.057000
0.099192	0.099099	400.157000
0.099151	0.099058	400.257000
0.099185	0.099088	400.357000
0.099197	0.099098	400.457000
0.099230	0.099121	400.557000
0.099073	0.098969	400.657000
0.098980	0.098874	400.757000
0.098821	0.098721	400.857000
0.098871	0.098774	400.957000
0.098852	0.098739	401.057000
0.098855	0.098755	401.157000
0.098824	0.098731	401.257000
0.098847	0.098736	401.357000
0.098825	0.098723	401.457000
0.098864	0.098749	401.557000
0.098837	0.098726	401.657000
0.098886	0.098784	401.757000
0.098761	0.098674	401.857000
0.098674	0.098568	401.957000
0.098585	0.098469	402.057000
0.098564	0.098461	402.157000
0.098554	0.098450	402.257000
0.098538	0.098446	402.357000
0.098511	0.098409	402.457000
0.098552	0.098442	402.557000
0.098513	0.098409	402.657000
0.098535	0.098434	402.757000
0.098538	0.098445	402.857000
0.098597	0.098493	402.957000
0.098442	0.098337	403.058000
0.098385	0.098273	403.157000
0.098309	0.098215	403.257000
0.098261	0.098161	403.357000
0.098224	0.098118	403.457000
0.098193	0.098082	403.557000
0.098199	0.098095	403.657000
0.098245	0.098131	403.757000
0.098210	0.098116	403.857000
0.098214	0.098105	403.957000
0.098168	0.098070	404.057000
0.098269	0.098158	404.157000
0.098213	0.098115	404.257000
0.098122	0.098024	404.357000
0.098001	0.097904	404.457000
0.097988	0.097876	404.557000
0.097923	0.097815	404.657000
0.097871	0.097767	404.757000
0.097839	0.097738	404.857000
0.097884	0.097788	404.957000
0.097835	0.097729	405.057000
0.097886	0.097775	405.158000
0.097816	0.097718	405.257000
0.097883	0.097800	405.357000
0.097876	0.097773	405.457000
0.097833	0.097724	405.557000
0.097768	0.097662	405.657000
0.097730	0.097624	405.757000
0.097655	0.097549	405.857000
0.097579	0.097455	405.957000
0.097535	0.097439	406.057000
0.097569	0.097458	406.157000
0.097521	0.097418	406.257000
0.097545	0.097460	406.357000
0.097544	0.097445	406.457000
0.097630	0.097523	406.557000
0.097618	0.097515	406.657000
0.097622	0.097515	406.757000
0.097453	0.097347	406.857000
0.097396	0.097292	406.957000
0.097336	0.097216	407.057000
0.097292	0.097183	407.157000
0.097251	0.097153	407.257000
0.097263	0.097168	407.357000
0.097245	0.097138	407.458000
0.097217	0.097117	407.557000
0.097214	0.097104	407.657000
0.097263	0.097167	407.757000
0.097273	0.097169	407.857000
0.097266	0.097161	407.957000
0.097160	0.097055	408.057000
0.097024	0.096924	408.157000
0.096976	0.096866	408.257000
0.096944	0.096827	408.357000
0.096899	0.096797	408.457000
0.096901	0.096806	408.557000
0.096899	0.096781	408.657000
0.096903	0.096801	408.757000
0.096893	0.096797	408.857000
0.096948	0.096848	408.957000
0.096961	0.096847	409.057000
0.096959	0.096851	409.157000
0.096925	0.096811	409.257000
0.096813	0.096709	409.357000
0.096752	0.096655	409.457000
0.096691	0.096583	409.557000
0.096630	0.096516	409.657000
0.096608	0.096498	409.757000
0.096582	0.096489	409.857000
0.096582	0.096483	409.957000
0.096604	0.096491	410.057000
0.096644	0.096539	410.157000
0.096687	0.096586	410.257000
0.096651	0.096551	410.357000
0.096658	0.096574	410.457000
0.096502	0.096396	410.557000
0.096430	0.096344	410.657000
0.096334	0.096214	410.757000
0.096305	0.096211	410.857000
0.096295	0.096186	410.957000
0.096330	0.096227	411.057000
0.096265	0.096161	411.157000
0.096313	0.096210	411.257000
0.096252	0.096149	411.357000
0.096347	0.096238	411.457000
0.096293	0.096194	411.557000
0.096346	0.096241	411.657000
0.096226	0.096113	411.757000
0.096186	0.096077	411.857000
0.096079	0.095968	411.957000
0.096047	0.095933	412.057000
0.095990	0.095885	412.157000
0.096038	0.095938	412.257000
0.095952	0.095844	412.357000
0.095994	0.095885	412.457000
0.095939	0.095829	412.557000
0.096063	0.095955	412.657000
0.095994	0.095892	412.757000
0.096072	0.095976	412.857000
0.095981	0.095882	412.957000
0.095912	0.095806	413.057000
0.095806	0.095695	413.157000
0.095753	0.095651	413.257000
0.095686	0.095595	413.357000
0.095736	0.095637	413.457000
0.095682	0.095573	413.557000
0.095686	0.095576	413.657000
0.095672	0.095575	413.757000
0.095801	0.095696	413.857000
0.095765	0.095655	413.957000
0.095817	0.095709	414.057000
0.095785	0.095668	414.157000
0.095685	0.095573	414.257000
0.095573	0.095482	414.357000
0.095510	0.095408	414.457000
0.095448	0.095350	414.557000
0.095437	0.095328	414.657000
0.095402	0.095301	414.757000
0.095416	0.095320	414.857000
0.095366	0.095272	414.957000
0.095450	0.095346	415.057000
0.095454	0.095352	415.157000
0.095451	0.095345	415.257000
0.095448	0.095347	415.357000
0.095388	0.095288	415.457000
0.095280	0.095189	415.557000
0.095210	0.095096	415.657000
0.095160	0.095073	415.757000
0.095168	0.095063	415.857000
0.095115	0.095010	415.957000
0.095141	0.095040	416.057000
0.095096	0.094997	416.157000
0.095174	0.095070	416.257000
0.095173	0.095076	416.357000
0.095184	0.095077	416.457000
0.095171	0.095064	416.557000
0.095154	0.095036	416.657000
0.095005	0.094921	416.757000
0.094937	0.094845	416.857000
0.094833	0.094727	416.957000
0.094848	0.094742	417.057000
0.094787	0.094688	417.157000
0.094804	0.094696	417.257000
0.094766	0.094664	417.357000
0.094804	0.094696	417.457000
0.094821	0.094709	417.557000
0.094837	0.094733	417.657000
0.094861	0.094769	417.757000
0.094876	0.094781	417.857000
0.094821	0.094716	417.957000
0.094710	0.094597	418.057000
0.094577	0.094467	418.157000
0.094590	0.094491	418.257000
0.094526	0.094422	418.357000
0.094531	0.094427	418.457000
0.094500	0.094406	418.557000
0.094499	0.094400	418.657000
0.094546	0.094448	418.757000
0.094549	0.094468	418.857000
0.094570	0.094460	418.957000
0.094604	0.094498	419.057000
0.094533	0.094425	419.157000
0.094434	0.094335	419.257000
0.094296	0.094182	419.357000
0.094276	0.094181	419.457000
0.094255	0.094154	419.557000
0.094289	0.094177	419.657000
0.094298	0.094181	419.757000
0.094256	0.094164	419.857000
0.094254	0.094145	419.957000
0.094281	0.094164	420.057000
0.094291	0.094194	420.157000
0.094347	0.094245	420.257000
0.094250	0.094166	420.357000
0.094139	0.094040	420.457000
0.094064	0.093949	420.557000
0.094045	0.093935	420.657000
0.094016	0.093914	420.757000
0.093948	0.093854	420.857000
0.093952	0.093857	420.957000
0.093907	0.093804	421.057000
0.093988	0.093876	421.157000
0.093960	0.093859	421.257000
0.093979	0.093882	421.357000
0.093963	0.093849	421.457000
0.093997	0.093900	421.557000
0.093903	0.093799	421.657000
0.093864	0.093752	421.757000
0.093708	0.093605	421.857000
0.093687	0.093599	421.957000
0.093660	0.093545	422.057000
0.093691	0.093588	422.157000
0.093592	0.093502	422.257000
0.093680	0.093586	422.357000
0.093652	0.093547	422.457000
0.093699	0.093594	422.557000
0.093689	0.093587	422.657000
0.093727	0.093620	422.757000
0.093665	0.093562	422.857000
0.093581	0.093484	422.957000
0.093480	0.093376	423.057000
0.093463	0.093353	423.157000
0.093381	0.093273	423.257000
0.093388	0.093299	423.357000
0.093328	0.093230	423.457000
0.093388	0.093286	423.557000
0.093424	0.093309	423.657000
0.093405	0.093300	423.757000
0.093383	0.093283	423.857000
0.093383	0.093284	423.957000
0.093352	0.093253	424.057000
0.093354	0.093241	424.157000
0.093193	0.093085	424.257000
0.093170	0.093088	424.357000
0.093119	0.093012	424.457000
0.093166	0.093064	424.557000
0.093087	0.092980	424.657000
0.093116	0.093011	424.757000
0.093123	0.093026	424.857000
0.093101	0.093000	424.957000
0.093103	0.092995	425.057000
0.093139	0.093038	425.157000
0.093144	0.093040	425.257000
0.093079	0.092988	425.357000
0.092924	0.092830	425.457000
0.092921	0.092827	425.557000
0.092877	0.092770	425.657000
0.092869	0.092780	425.757000
0.092809	0.092717	425.857000
0.092790	0.092695	425.957000
0.092817	0.092715	426.057000
0.092863	0.092753	426.157000
0.092873	0.092773	426.257000
0.092890	0.092800	426.357000
0.092835	0.092745	426.457000
0.092860	0.092760	426.557000
0.092756	0.092658	426.657000
0.092694	0.092610	426.757000
0.092631	0.092547	426.857000
0.092600	0.092501	426.957000
0.092563	0.092469	427.057000
0.092602	0.092513	427.157000
0.092600	0.092511	427.257000
0.092592	0.092503	427.357000
0.092605	0.092513	427.457000
0.092605	0.092510	427.557000
0.092572	0.092484	427.657000
0.092585	0.092489	427.757000
0.092498	0.092408	427.857000
0.092478	0.092382	427.957000
0.092418	0.092322	428.057000
0.092435	0.092346	428.157000
0.092392	0.092300	428.257000
0.092382	0.092292	428.357000
0.092344	0.092254	428.457000
0.092300	0.092206	428.557000
0.092275	0.092179	428.657000
0.092307	0.092209	428.757000
0.092322	0.092230	428.857000
0.092380	0.092276	428.957000
0.092280	0.092192	429.057000
0.092237	0.092146	429.157000
0.092169	0.092076	429.257000
0.092140	0.092046	429.357000
0.092107	0.092017	429.457000
0.092076	0.091985	429.557000
0.092081	0.091985	429.657000
0.092088	0.091989	429.757000
0.092087	0.092003	429.857000
0.092108	0.092010	429.957000
0.092100	0.091994	430.057000
0.092102	0.092004	430.157000
0.092083	0.091991	430.257000
0.092007	0.091919	430.357000
0.091923	0.091822	430.457000
0.091893	0.091798	430.557000
0.091838	0.091736	430.657000
0.091786	0.091683	430.757000
0.091797	0.091704	430.857000
0.091781	0.091674	430.957000
0.091767	0.091668	431.057000
0.091786	0.091684	431.157000
0.091820	0.091725	431.257000
0.091856	0.091762	431.357000
0.091826	0.091719	431.457000
0.091724	0.091624	431.557000
0.091672	0.091561	431.657000
0.091596	0.091487	431.757000
0.091564	0.091475	431.857000
0.091557	0.091468	431.957000
0.091572	0.091472	432.057000
0.091595	0.091478	432.157000
0.091595	0.091502	432.257000
0.091567	0.091467	432.357000
0.091572	0.091479	432.457000
0.091563	0.091453	432.557000
0.091607	0.091507	432.657000
0.091511	0.091410	432.757000
0.091467	0.091362	432.857000
0.091355	0.091250	432.957000
0.091351	0.091251	433.057000
0.091318	0.091199	433.157000
0.091353	0.091256	433.257000
0.091255	0.091163	433.357000
0.091258	0.091161	433.457000
0.091261	0.091160	433.557000
0.091269	0.091168	433.657000
0.091247	0.091149	433.757000
0.091287	0.091188	433.857000
0.091183	0.091086	433.957000
0.091238	0.091131	434.057000
0.091120	0.091022	434.157000
0.091096	0.090997	434.257000
0.090997	0.090902	434.357000
0.091029	0.090925	434.457000
0.091062	0.090948	434.557000
0.091027	0.090924	434.657000
0.090999	0.090898	434.757000
0.091022	0.090917	434.857000
0.091023	0.090924	434.957000
0.091082	0.090970	435.057000
0.090952	0.090833	435.157000
0.090962	0.090858	435.257000
0.090855	0.090743	435.357000
0.090822	0.090732	435.457000
0.090788	0.090670	435.557000
0.090764	0.090657	435.657000
0.090787	0.090683	435.757000
0.090746	0.090648	435.857000
0.090747	0.090638	435.957000
0.090803	0.090697	436.057000
0.090784	0.090676	436.157000
0.090834	0.090719	436.257000
0.090744	0.090653	436.357000
0.090714	0.090629	436.457000
0.090670	0.090565	436.557000
0.090593	0.090489	436.657000
0.090559	0.090449	436.757000
0.090499	0.090409	436.857000
0.090509	0.090403	436.957000
0.090472	0.090375	437.057000
0.090436	0.090334	437.157000
0.090480	0.090381	437.257000
0.090464	0.090363	437.357000
0.090503	0.090402	437.457000
0.090494	0.090379	437.557000
0.090510	0.090408	437.657000
0.090452	0.090356	437.757000
0.090346	0.090251	437.857000
0.090264	0.090159	437.957000
0.090244	0.090135	438.057000
0.090236	0.090137	438.157000
0.090225	0.090119	438.257000
0.090200	0.090102	438.357000
0.090249	0.090142	438.457000
0.090224	0.090125	438.557000
0.090229	0.090118	438.657000
0.090199	0.090111	438.757000
0.090251	0.090154	438.857000
0.090240	0.090135	438.957000
0.090182	0.090073	439.057000
0.090062	0.089963	439.157000
0.090013	0.089915	439.257000
0.090005	0.089907	439.357000
0.090008	0.089892	439.457000
0.089983	0.089885	439.557000
0.090014	0.089906	439.657000
0.089998	0.089892	439.757000
0.089997	0.089909	439.857000
0.089958	0.089854	439.957000
0.089984	0.089874	440.057000
0.090008	0.089895	440.157000
0.089981	0.089883	440.257000
0.089874	0.089772	440.357000
0.089817	0.089709	440.457000
0.089744	0.089647	440.557000
0.089760	0.089651	440.657000
0.089725	0.089624	440.757000
0.089738	0.089626	440.857000
0.089723	0.089625	440.957000
0.089750	0.089653	441.057000
0.089730	0.089627	441.157000
0.089737	0.089642	441.257000
0.089774	0.089682	441.357000
0.089707	0.089587	441.457000
0.089598	0.089493	441.557000
0.089559	0.089461	441.657000
0.089506	0.089390	441.757000
0.089508	0.089403	441.857000
0.089461	0.089356	441.957000
0.089476	0.089375	442.057000
0.089504	0.089405	442.157000
0.089519	0.089415	442.257000
0.089500	0.089387	442.357000
0.089449	0.089335	442.457000
0.089505	0.089399	442.557000
0.089495	0.089391	442.657000
0.089367	0.089267	442.757000
0.089330	0.089219	442.857000
0.089271	0.089166	442.957000
0.089280	0.089172	443.057000
0.089254	0.089141	443.157000
0.089236	0.089133	443.257000
0.089228	0.089140	443.357000
0.089266	0.089162	443.457000
0.089256	0.089144	443.557000
0.089222	0.089101	443.657000
0.089258	0.089162	443.757000
0.089246	0.089133	443.857000
0.089188	0.089090	443.957000
0.089101	0.088997	444.057000
0.089058	0.088954	444.157000
0.089011	0.088910	444.257000
0.088989	0.088886	444.357000
0.088943	0.088844	444.457000
0.088992	0.088871	444.557000
