1.058252	2.373367	170.677000
1.053275	1.054039	170.777000
1.050541	1.050684	170.877000
1.049915	1.049925	170.977000
1.050089	1.050053	171.077000
1.046552	1.046475	171.177000
1.042529	1.042418	171.277000
1.040702	1.040572	171.377000
1.040565	1.040434	171.477000
1.040730	1.040586	171.577000
1.036926	1.036780	171.677000
1.033491	1.033323	171.777000
1.032218	1.032054	171.877000
1.032341	1.032178	171.977000
1.032366	1.032200	172.077000
1.028521	1.028351	172.177000
1.025734	1.025554	172.277000
1.024822	1.024651	172.377000
1.025244	1.025059	172.477000
1.024563	1.024386	172.577000
1.020452	1.020283	172.677000
1.017819	1.017637	172.777000
1.017258	1.017076	172.877000
1.017763	1.017579	172.977000
1.016493	1.016319	173.077000
1.012459	1.012272	173.177000
1.010331	1.010146	173.277000
1.009885	1.009693	173.377000
1.010495	1.010303	173.477000
1.008444	1.008258	173.577000
1.004600	1.004408	173.677000
1.002608	1.002414	173.777000
1.002285	1.002087	173.877000
1.002685	1.002500	173.977000
0.999969	0.999783	174.077000
0.996251	0.996066	174.177000
0.994684	0.994480	174.277000
0.994539	0.994367	174.377000
0.994815	0.994616	174.477000
0.991256	0.991063	174.577000
0.987834	0.987638	174.677000
0.986308	0.986116	174.777000
0.986325	0.986123	174.877000
0.986120	0.985929	174.977000
0.982382	0.982181	175.077000
0.979224	0.979038	175.177000
0.978081	0.977881	175.277000
0.978138	0.977942	175.377000
0.977447	0.977261	175.477000
0.973363	0.973159	175.577000
0.970450	0.970251	175.677000
0.969317	0.969123	175.777000
0.969509	0.969298	175.877000
0.968064	0.967871	175.977000
0.963982	0.963782	176.077000
0.961543	0.961359	176.177000
0.960748	0.960547	176.277000
0.960968	0.960778	176.377000
0.958843	0.958638	176.477000
0.954881	0.954697	176.577000
0.952732	0.952525	176.677000
0.952054	0.951867	176.777000
0.952267	0.952066	176.877000
0.949469	0.949288	176.977000
0.945717	0.945505	177.077000
0.943776	0.943580	177.177000
0.943338	0.943142	177.277000
0.943331	0.943133	177.377000
0.939974	0.939781	177.477000
0.936507	0.936315	177.577000
0.934809	0.934629	177.677000
0.934500	0.934305	177.777000
0.934136	0.933944	177.877000
0.930501	0.930311	177.977000
0.927318	0.927115	178.077000
0.925905	0.925709	178.177000
0.925640	0.925443	178.277000
0.924952	0.924764	178.377000
0.920984	0.920781	178.477000
0.918153	0.917971	178.577000
0.916872	0.916675	178.677000
0.916859	0.916679	178.777000
0.915402	0.915214	178.878000
0.911494	0.911310	178.977000
0.908950	0.908750	179.077000
0.907948	0.907766	179.177000
0.907918	0.907720	179.277000
0.905908	0.905739	179.377000
0.902091	0.901896	179.477000
0.899817	0.899630	179.577000
0.898939	0.898737	179.677000
0.898865	0.898668	179.777000
0.896178	0.895998	179.877000
0.892578	0.892389	179.977000
0.890565	0.890380	180.077000
0.889890	0.889704	180.177000
0.889647	0.889460	180.277000
0.886535	0.886346	180.377000
0.883074	0.882889	180.477000
0.881366	0.881183	180.577000
0.880784	0.880593	180.677000
0.880326	0.880148	180.777000
0.876846	0.876656	180.877000
0.873794	0.873607	180.977000
0.872152	0.871954	181.077000
0.871784	0.871612	181.177000
0.870970	0.870784	181.277000
0.867229	0.867047	181.377000
0.864329	0.864131	181.477000
0.862988	0.862804	181.577000
0.862646	0.862467	181.677000
0.861238	0.861048	181.777000
0.857447	0.857266	181.877000
0.854929	0.854739	181.977000
0.853756	0.853581	182.077000
0.853524	0.853327	182.177000
0.851505	0.851340	182.277000
0.847931	0.847740	182.377000
0.845592	0.845411	182.477000
0.844626	0.844442	182.577000
0.844361	0.844189	182.677000
0.841976	0.841794	182.777000
0.838407	0.838223	182.877000
0.836371	0.836186	182.977000
0.835431	0.835257	183.077000
0.835167	0.834986	183.177000
0.832114	0.831926	183.277000
0.828953	0.828783	183.377000
0.827135	0.826956	183.477000
0.826491	0.826306	183.577000
0.825919	0.825742	183.677000
0.822705	0.822533	183.777000
0.819701	0.819524	183.877000
0.818125	0.817955	183.977000
0.817543	0.817358	184.077000
0.816606	0.816438	184.177000
0.813154	0.812980	184.277000
0.810485	0.810303	184.377000
0.809104	0.808934	184.477000
0.808722	0.808546	184.577000
0.807428	0.807264	184.677000
0.803980	0.803789	184.777000
0.801480	0.801306	184.877000
0.800347	0.800160	184.977000
0.799906	0.799729	185.077000
0.798172	0.797996	185.177000
0.794753	0.794575	185.277000
0.792648	0.792459	185.377000
0.791553	0.791376	185.477000
0.791289	0.791125	185.577000
0.789031	0.788850	185.677000
0.785901	0.785731	185.777000
0.783916	0.783735	185.877000
0.783103	0.782938	185.977000
0.782685	0.782506	186.077000
0.780028	0.779855	186.177000
0.777059	0.776899	186.277000
0.775382	0.775213	186.377000
0.774631	0.774462	186.477000
0.774070	0.773895	186.577000
0.771130	0.770978	186.677000
0.768520	0.768339	186.777000
0.766994	0.766823	186.877000
0.766473	0.766299	186.977000
0.765622	0.765489	187.077000
0.762613	0.762437	187.177000
0.760091	0.759926	187.277000
0.758837	0.758659	187.377000
0.758334	0.758159	187.477000
0.757234	0.757067	187.577000
0.754108	0.753937	187.677000
0.751993	0.751818	187.777000
0.750806	0.750638	187.877000
0.750448	0.750284	187.977000
0.748783	0.748620	188.077000
0.745805	0.745636	188.177000
0.743840	0.743653	188.277000
0.742891	0.742721	188.377000
0.742635	0.742469	188.477000
0.740640	0.740483	188.577000
0.737764	0.737585	188.677000
0.736002	0.735831	188.777000
0.735171	0.735003	188.877000
0.734835	0.734666	188.977000
0.732505	0.732348	189.077000
0.729841	0.729664	189.177000
0.728236	0.728077	189.277000
0.727667	0.727491	189.377000
0.727128	0.726969	189.477000
0.724557	0.724391	189.577000
0.722111	0.721953	189.677000
0.720790	0.720611	189.777000
0.720213	0.720056	189.877000
0.719560	0.719405	189.977000
0.716811	0.716650	190.077000
0.714568	0.714390	190.177000
0.713350	0.713188	190.277000
0.712953	0.712783	190.377000
0.711978	0.711820	190.477000
0.709196	0.709026	190.577000
0.707261	0.707095	190.677000
0.706162	0.705993	190.777000
0.705910	0.705754	190.877000
0.704492	0.704333	190.977000
0.701829	0.701673	191.077000
0.700013	0.699829	191.177000
0.699193	0.699040	191.277000
0.698879	0.698708	191.377000
0.697207	0.697056	191.477000
0.694628	0.694468	191.577000
0.693045	0.692890	191.677000
0.692245	0.692077	191.777000
0.691920	0.691756	191.877000
0.689940	0.689772	191.977000
0.687563	0.687399	192.077000
0.686189	0.686023	192.177000
0.685589	0.685429	192.277000
0.685211	0.685050	192.377000
0.682907	0.682759	192.477000
0.680716	0.680540	192.577000
0.679552	0.679389	192.677000
0.678991	0.678829	192.777000
0.678437	0.678282	192.877000
0.675994	0.675835	192.977000
0.674087	0.673913	193.077000
0.672956	0.672794	193.177000
0.672648	0.672484	193.277000
0.671810	0.671653	193.377000
0.669414	0.669250	193.477000
0.667559	0.667384	193.577000
0.666712	0.666549	193.677000
0.666352	0.666199	193.777000
0.665160	0.665002	193.877000
0.662770	0.662602	193.977000
0.661208	0.661058	194.077000
0.660449	0.660300	194.177000
0.660163	0.660011	194.277000
0.658648	0.658496	194.378000
0.656431	0.656268	194.477000
0.654993	0.654845	194.577000
0.654370	0.654207	194.677000
0.654106	0.653954	194.777000
0.652298	0.652140	194.877000
0.650056	0.649896	194.977000
0.648887	0.648723	195.077000
0.648320	0.648165	195.177000
0.648044	0.647894	195.277000
0.645988	0.645840	195.377000
0.644135	0.643977	195.477000
0.642966	0.642812	195.577000
0.642592	0.642448	195.677000
0.642014	0.641861	195.777000
0.639961	0.639818	195.877000
0.638131	0.637970	195.977000
0.637241	0.637093	196.077000
0.636843	0.636686	196.177000
0.636204	0.636062	196.277000
0.634021	0.633860	196.377000
0.632392	0.632238	196.477000
0.631531	0.631385	196.577000
0.631309	0.631160	196.677000
0.630253	0.630104	196.777000
0.628149	0.627993	196.877000
0.626662	0.626497	196.977000
0.626023	0.625857	197.077000
0.625764	0.625614	197.177000
0.624497	0.624344	197.277000
0.622386	0.622231	197.377000
0.621211	0.621048	197.477000
0.620595	0.620435	197.577000
0.620446	0.620312	197.677000
0.618872	0.618719	197.777000
0.616958	0.616800	197.877000
0.615759	0.615608	197.977000
0.615326	0.615190	198.077000
0.615039	0.614896	198.177000
0.613292	0.613138	198.277000
0.611490	0.611332	198.377000
0.610556	0.610400	198.477000
0.610166	0.610014	198.577000
0.609725	0.609562	198.677000
0.607839	0.607693	198.777000
0.606310	0.606154	198.877000
0.605444	0.605304	198.977000
0.605134	0.604978	199.077000
0.604477	0.604351	199.177000
0.602568	0.602419	199.277000
0.601063	0.600906	199.377000
0.600348	0.600194	199.477000
0.600066	0.599925	199.577000
0.599269	0.599119	199.677000
0.597255	0.597106	199.777000
0.596017	0.595871	199.877000
0.595414	0.595267	199.977000
0.595335	0.595181	200.077000
0.594142	0.593990	200.177000
0.592335	0.592190	200.277000
0.591152	0.590978	200.378000
0.590675	0.590528	200.477000
0.590442	0.590309	200.577000
0.589126	0.588973	200.677000
0.587372	0.587217	200.777000
0.586350	0.586193	200.877000
0.585925	0.585782	200.977000
0.585771	0.585622	201.077000
0.584213	0.584075	201.177000
0.582590	0.582440	201.277000
0.581672	0.581521	201.377000
0.581349	0.581199	201.477000
0.580952	0.580813	201.577000
0.579252	0.579118	201.677000
0.577753	0.577599	201.777000
0.577054	0.576899	201.877000
0.576767	0.576605	201.977000
0.576329	0.576186	202.077000
0.574518	0.574390	202.178000
0.573235	0.573081	202.277000
0.572521	0.572369	202.377000
0.572372	0.572224	202.477000
0.571629	0.571481	202.577000
0.569884	0.569734	202.677000
0.568696	0.568543	202.777000
0.568190	0.568029	202.877000
0.568032	0.567884	202.977000
0.567018	0.566874	203.077000
0.565369	0.565239	203.177000
0.564333	0.564179	203.277000
0.563875	0.563732	203.377000
0.563672	0.563525	203.477000
0.562488	0.562366	203.577000
0.560939	0.560784	203.677000
0.560000	0.559866	203.777000
0.559589	0.559427	203.877000
0.559441	0.559309	203.977000
0.558031	0.557880	204.077000
0.556549	0.556404	204.177000
0.555779	0.555624	204.277000
0.555472	0.555334	204.377000
0.555211	0.555060	204.477000
0.553651	0.553521	204.577000
0.552336	0.552183	204.677000
0.551645	0.551496	204.777000
0.551408	0.551249	204.877000
0.551019	0.550873	204.977000
0.549371	0.549240	205.077000
0.548216	0.548066	205.177000
0.547555	0.547399	205.277000
0.547426	0.547281	205.377000
0.546724	0.546578	205.477000
0.545196	0.545061	205.577000
0.544096	0.543942	205.677000
0.543627	0.543484	205.777000
0.543476	0.543318	205.877000
0.542653	0.542531	205.977000
0.541155	0.541014	206.077000
0.540213	0.540066	206.177000
0.539770	0.539622	206.277000
0.539647	0.539508	206.377000
0.538558	0.538412	206.477000
0.537175	0.537030	206.577000
0.536282	0.536139	206.677000
0.535985	0.535829	206.777000
0.535838	0.535701	206.877000
0.534636	0.534498	206.977000
0.533257	0.533134	207.077000
0.532575	0.532426	207.177000
0.532256	0.532107	207.277000
0.532061	0.531915	207.377000
0.530635	0.530494	207.477000
0.529490	0.529343	207.577000
0.528796	0.528646	207.677000
0.528677	0.528534	207.777000
0.528196	0.528053	207.877000
0.526891	0.526740	207.977000
0.525649	0.525506	208.077000
0.525083	0.524938	208.177000
0.524909	0.524764	208.277000
0.524443	0.524294	208.377000
0.522974	0.522840	208.477000
0.522001	0.521854	208.577000
0.521494	0.521357	208.677000
0.521445	0.521294	208.777000
0.520682	0.520542	208.877000
0.519314	0.519180	208.977000
0.518395	0.518255	209.077000
0.518014	0.517866	209.177000
0.517897	0.517753	209.277000
0.516980	0.516833	209.377000
0.515616	0.515482	209.477000
0.514933	0.514797	209.577000
0.514536	0.514389	209.677000
0.514463	0.514316	209.777000
0.513381	0.513243	209.877000
0.512190	0.512055	209.977000
0.511444	0.511293	210.077000
0.511222	0.511093	210.177000
0.511003	0.510858	210.277000
0.509808	0.509673	210.377000
0.508691	0.508553	210.477000
0.508097	0.507973	210.577000
0.507910	0.507756	210.677000
0.507575	0.507422	210.777000
0.506244	0.506112	210.877000
0.505298	0.505163	210.977000
0.504758	0.504617	211.077000
0.504629	0.504481	211.177000
0.504111	0.503988	211.277000
0.502880	0.502745	211.377000
0.501909	0.501769	211.477000
0.501546	0.501403	211.577000
0.501408	0.501270	211.677000
0.500845	0.500701	211.777000
0.499434	0.499301	211.877000
0.498645	0.498512	211.977000
0.498290	0.498157	212.077000
0.498239	0.498092	212.177000
0.497329	0.497180	212.277000
0.496180	0.496048	212.377000
0.495428	0.495300	212.477000
0.495174	0.495029	212.577000
0.495038	0.494895	212.677000
0.494054	0.493921	212.777000
0.492927	0.492788	212.877000
0.492294	0.492155	212.977000
0.492053	0.491920	213.077000
0.491975	0.491829	213.177000
0.490835	0.490697	213.277000
0.489833	0.489685	213.377000
0.489248	0.489117	213.477000
0.489130	0.488993	213.577000
0.488804	0.488671	213.677000
0.487623	0.487483	213.777000
0.486650	0.486522	213.877000
0.486243	0.486103	213.977000
0.486057	0.485903	214.077000
0.485688	0.485542	214.177000
0.484458	0.484329	214.277000
0.483620	0.483494	214.377000
0.483171	0.483032	214.477000
0.483137	0.483008	214.577000
0.482583	0.482438	214.677000
0.481436	0.481305	214.777000
0.480637	0.480502	214.877000
0.480255	0.480126	214.977000
0.480253	0.480123	215.077000
0.479510	0.479367	215.177000
0.478405	0.478271	215.277000
0.477750	0.477626	215.377000
0.477476	0.477334	215.477000
0.477407	0.477257	215.577000
0.476501	0.476373	215.677000
0.475503	0.475364	215.777000
0.474852	0.474723	215.877000
0.474666	0.474528	215.977000
0.474501	0.474371	216.077000
0.473519	0.473383	216.177000
0.472519	0.472382	216.277000
0.472065	0.471931	216.377000
0.471901	0.471776	216.477000
0.471678	0.471545	216.577000
0.470584	0.470460	216.677000
0.469726	0.469599	216.777000
0.469278	0.469149	216.877000
0.469132	0.468986	216.977000
0.468798	0.468669	217.077000
0.467712	0.467557	217.177000
0.466972	0.466839	217.277000
0.466532	0.466376	217.377000
0.466472	0.466351	217.477000
0.466056	0.465917	217.577000
0.464953	0.464821	217.677000
0.464184	0.464049	217.777000
0.463902	0.463784	217.877000
0.463822	0.463678	217.977000
0.463134	0.462997	218.077000
0.462054	0.461921	218.177000
0.461447	0.461316	218.277000
0.461213	0.461084	218.377000
0.461137	0.460999	218.477000
0.460304	0.460170	218.577000
0.459389	0.459255	218.677000
0.458813	0.458684	218.777000
0.458637	0.458517	218.877000
0.458491	0.458363	218.977000
0.457654	0.457527	219.077000
0.456691	0.456560	219.177000
0.456209	0.456093	219.277000
0.456006	0.455876	219.377000
0.455936	0.455796	219.477000
0.454819	0.454687	219.577000
0.454055	0.453935	219.677000
0.453677	0.453540	219.777000
0.453564	0.453439	219.877000
0.453238	0.453099	219.977000
0.452266	0.452135	220.077000
0.451510	0.451373	220.177000
0.451171	0.451044	220.277000
0.451049	0.450917	220.377000
0.450698	0.450562	220.477000
0.449679	0.449551	220.577000
0.449011	0.448886	220.677000
0.448666	0.448536	220.777000
0.448606	0.448456	220.877000
0.447925	0.447788	220.977000
0.447014	0.446869	221.077000
0.446377	0.446240	221.177000
0.446273	0.446127	221.277000
0.446106	0.445976	221.377000
0.445473	0.445343	221.477000
0.444552	0.444416	221.577000
0.444127	0.443990	221.677000
0.443851	0.443726	221.777000
0.443759	0.443632	221.877000
0.442861	0.442718	221.977000
0.442052	0.441920	222.077000
0.441547	0.441419	222.177000
0.441427	0.441301	222.277000
0.441286	0.441145	222.377000
0.440474	0.440354	222.477000
0.439709	0.439569	222.577000
0.439265	0.439132	222.677000
0.439159	0.439029	222.777000
0.438975	0.438842	222.877000
0.438039	0.437916	222.977000
0.437444	0.437321	223.077000
0.437048	0.436931	223.177000
0.437033	0.436896	223.277000
0.436552	0.436423	223.377000
0.435734	0.435593	223.477000
0.434987	0.434852	223.577000
0.434769	0.434644	223.677000
0.434677	0.434542	223.777000
0.434180	0.434046	223.877000
0.433272	0.433134	223.977000
0.432714	0.432600	224.077000
0.432466	0.432352	224.177000
0.432474	0.432345	224.277000
0.431760	0.431614	224.377000
0.430927	0.430793	224.477000
0.430451	0.430327	224.577000
0.430279	0.430152	224.677000
0.430194	0.430067	224.777000
0.429477	0.429346	224.877000
0.428667	0.428534	224.977000
0.428225	0.428099	225.077000
0.428051	0.427922	225.177000
0.428003	0.427871	225.277000
0.427093	0.426967	225.377000
0.426377	0.426237	225.477000
0.425995	0.425881	225.577000
0.425966	0.425838	225.677000
0.425685	0.425563	225.777000
0.424890	0.424745	225.877000
0.424148	0.424022	225.977000
0.423885	0.423762	226.077000
0.423811	0.423684	226.177000
0.423487	0.423354	226.277000
0.422609	0.422487	226.377000
0.422031	0.421904	226.477000
0.421701	0.421568	226.577000
0.421684	0.421553	226.677000
0.421251	0.421130	226.777000
0.420449	0.420311	226.877000
0.419893	0.419762	226.977000
0.419703	0.419580	227.077000
0.419575	0.419453	227.177000
0.418983	0.418856	227.277000
0.418160	0.418023	227.377000
0.417763	0.417633	227.477000
0.417569	0.417441	227.577000
0.417541	0.417402	227.677000
0.416823	0.416688	227.777000
0.416161	0.416023	227.877000
0.415722	0.415591	227.977000
0.415606	0.415466	228.077000
0.415428	0.415290	228.177000
0.414678	0.414549	228.277000
0.413984	0.413838	228.377000
0.413620	0.413496	228.477000
0.413536	0.413411	228.577000
0.413333	0.413196	228.677000
0.412521	0.412383	228.777000
0.411929	0.411817	228.877000
0.411666	0.411549	228.977000
0.411597	0.411461	229.077000
0.411270	0.411141	229.177000
0.410458	0.410325	229.277000
0.409878	0.409754	229.377000
0.409641	0.409507	229.477000
0.409575	0.409454	229.577000
0.409199	0.409062	229.677000
0.408404	0.408286	229.777000
0.407959	0.407819	229.877000
0.407630	0.407528	229.977000
0.407681	0.407554	230.077000
0.407131	0.407009	230.177000
0.406362	0.406215	230.277000
0.405950	0.405843	230.377000
0.405784	0.405647	230.477000
0.405758	0.405629	230.577000
0.405038	0.404914	230.677000
0.404402	0.404278	230.777000
0.403990	0.403850	230.877000
0.403870	0.403749	230.977000
0.403744	0.403614	231.077000
0.403144	0.403025	231.177000
0.402455	0.402307	231.277000
0.402159	0.402033	231.377000
0.401974	0.401859	231.477000
0.401854	0.401726	231.577000
0.401098	0.400953	231.677000
0.400472	0.400349	231.777000
0.400259	0.400131	231.877000
0.400219	0.400095	231.977000
0.399884	0.399758	232.077000
0.399099	0.398962	232.177000
0.398620	0.398491	232.277000
0.398402	0.398272	232.377000
0.398282	0.398177	232.477000
0.397926	0.397799	232.577000
0.397154	0.397029	232.677000
0.396756	0.396608	232.777000
0.396489	0.396375	232.877000
0.396498	0.396359	232.977000
0.396005	0.395868	233.077000
0.395332	0.395204	233.177000
0.394902	0.394779	233.277000
0.394800	0.394674	233.377000
0.394695	0.394566	233.477000
0.394135	0.394010	233.577000
0.393441	0.393303	233.677000
0.393099	0.392978	233.777000
0.392951	0.392823	233.877000
0.392857	0.392727	233.977000
0.392180	0.392057	234.077000
0.391637	0.391507	234.177000
0.391306	0.391188	234.277000
0.391244	0.391111	234.377000
0.391022	0.390900	234.477000
0.390378	0.390249	234.577000
0.389757	0.389631	234.677000
0.389506	0.389366	234.777000
0.389400	0.389280	234.877000
0.389221	0.389104	234.977000
0.388418	0.388288	235.077000
0.388010	0.387866	235.177000
0.387760	0.387630	235.277000
0.387701	0.387588	235.377000
0.387342	0.387213	235.477000
0.386692	0.386570	235.577000
0.386192	0.386062	235.677000
0.386040	0.385917	235.777000
0.385985	0.385855	235.877000
0.385541	0.385420	235.977000
0.384882	0.384756	236.077000
0.384479	0.384341	236.177000
0.384326	0.384195	236.277000
0.384356	0.384233	236.377000
0.383752	0.383629	236.477000
0.383090	0.382968	236.577000
0.382716	0.382590	236.677000
0.382671	0.382546	236.777000
0.382495	0.382373	236.877000
0.381916	0.381794	236.977000
0.381339	0.381210	237.077000
0.381139	0.381005	237.177000
0.380976	0.380849	237.277000
0.380884	0.380751	237.377000
0.380202	0.380070	237.477000
0.379711	0.379579	237.577000
0.379363	0.379228	237.677000
0.379379	0.379259	237.777000
0.379203	0.379088	237.877000
0.378486	0.378355	237.977000
0.377954	0.377826	238.077000
0.377784	0.377662	238.177000
0.377765	0.377649	238.277000
0.377393	0.377272	238.377000
0.376710	0.376596	238.477000
0.376316	0.376190	238.577000
0.376135	0.376018	238.677000
0.376158	0.376034	238.777000
0.375686	0.375580	238.877000
0.375090	0.374958	238.977000
0.374667	0.374537	239.077000
0.374546	0.374411	239.177000
0.374439	0.374332	239.277000
0.374001	0.373875	239.377000
0.373372	0.373241	239.477000
0.373102	0.372971	239.577000
0.372952	0.372822	239.677000
0.372887	0.372766	239.777000
0.372280	0.372150	239.877000
0.371772	0.371659	239.977000
0.371469	0.371339	240.077000
0.371389	0.371259	240.177000
0.371268	0.371151	240.277000
0.370667	0.370550	240.377000
0.370144	0.370016	240.477000
0.369909	0.369774	240.577000
0.369814	0.369696	240.677000
0.369664	0.369537	240.777000
0.369010	0.368883	240.877000
0.368558	0.368436	240.977000
0.368322	0.368200	241.077000
0.368333	0.368215	241.177000
0.368009	0.367876	241.277000
0.367428	0.367313	241.377000
0.367003	0.366879	241.477000
0.366839	0.366710	241.577000
0.366730	0.366597	241.677000
0.366369	0.366249	241.777000
0.365757	0.365631	241.877000
0.365416	0.365288	241.977000
0.365268	0.365146	242.077000
0.365277	0.365173	242.177000
0.364822	0.364693	242.277000
0.364236	0.364104	242.377000
0.363906	0.363774	242.477000
0.363847	0.363729	242.577000
0.363802	0.363689	242.677000
0.363162	0.363038	242.777000
0.362606	0.362490	242.877000
0.362428	0.362289	242.977000
0.362363	0.362243	243.077000
0.362229	0.362089	243.177000
0.361646	0.361534	243.277000
0.361228	0.361085	243.377000
0.360873	0.360758	243.477000
0.360833	0.360701	243.577000
0.360654	0.360553	243.677000
0.360107	0.359978	243.777000
0.359627	0.359503	243.877000
0.359376	0.359249	243.977000
0.359399	0.359281	244.077000
0.359102	0.358980	244.177000
0.358555	0.358443	244.277000
0.358151	0.358020	244.377000
0.358032	0.357904	244.477000
0.357922	0.357788	244.577000
0.357633	0.357522	244.677000
0.357013	0.356883	244.777000
0.356705	0.356574	244.877000
0.356510	0.356376	244.977000
0.356502	0.356395	245.077000
0.356093	0.355970	245.177000
0.355592	0.355468	245.277000
0.355266	0.355131	245.377000
0.355137	0.355007	245.477000
0.355125	0.355016	245.577000
0.354589	0.354468	245.677000
0.354051	0.353928	245.777000
0.353801	0.353669	245.877000
0.353720	0.353600	245.977000
0.353693	0.353574	246.077000
0.353107	0.352994	246.177000
0.352685	0.352551	246.277000
0.352370	0.352244	246.377000
0.352320	0.352200	246.477000
0.352097	0.351984	246.577000
0.351605	0.351491	246.677000
0.351171	0.351044	246.777000
0.351001	0.350876	246.877000
0.350913	0.350786	246.977000
0.350762	0.350649	247.077000
0.350148	0.350034	247.177000
0.349796	0.349666	247.277000
0.349591	0.349466	247.377000
0.349617	0.349496	247.477000
0.349231	0.349112	247.577000
0.348716	0.348592	247.677000
0.348380	0.348256	247.777000
0.348258	0.348131	247.877000
0.348162	0.348041	247.977000
0.347830	0.347716	248.077000
0.347257	0.347134	248.177000
0.347052	0.346907	248.277000
0.346863	0.346739	248.377000
0.346865	0.346753	248.477000
0.346379	0.346265	248.577000
0.345941	0.345825	248.677000
0.345585	0.345456	248.777000
0.345556	0.345447	248.877000
0.345425	0.345297	248.977000
0.344986	0.344874	249.077000
0.344515	0.344382	249.177000
0.344343	0.344220	249.277000
0.344214	0.344094	249.377000
0.344094	0.343977	249.477000
0.343508	0.343386	249.577000
0.343150	0.343033	249.677000
0.342953	0.342820	249.777000
0.342904	0.342779	249.877000
0.342697	0.342592	249.977000
0.342214	0.342088	250.077000
0.341783	0.341652	250.177000
0.341705	0.341576	250.277000
0.341675	0.341556	250.377000
0.341441	0.341316	250.477000
0.340782	0.340659	250.577000
0.340469	0.340352	250.677000
0.340334	0.340211	250.777000
0.340427	0.340307	250.877000
0.339967	0.339856	250.977000
0.339545	0.339431	251.077000
0.339258	0.339126	251.177000
0.339119	0.338992	251.277000
0.339016	0.338896	251.377000
0.338650	0.338521	251.477000
0.338155	0.338028	251.577000
0.337864	0.337736	251.677000
0.337742	0.337628	251.777000
0.337733	0.337608	251.877000
0.337260	0.337151	251.977000
0.336902	0.336771	252.077000
0.336672	0.336559	252.177000
0.336636	0.336503	252.277000
0.336431	0.336307	252.378000
0.335974	0.335865	252.477000
0.335546	0.335425	252.577000
0.335404	0.335263	252.677000
0.335311	0.335177	252.777000
0.335145	0.335035	252.877000
0.334615	0.334507	252.977000
0.334285	0.334153	253.078000
0.334085	0.333959	253.177000
0.334070	0.333953	253.277000
0.333899	0.333786	253.377000
0.333401	0.333284	253.478000
0.333012	0.332886	253.577000
0.332886	0.332767	253.677000
0.332872	0.332740	253.777000
0.332534	0.332416	253.877000
0.332016	0.331902	253.977000
0.331787	0.331668	254.077000
0.331643	0.331514	254.178000
0.331593	0.331471	254.277000
0.331212	0.331111	254.377000
0.330863	0.330739	254.477000
0.330526	0.330404	254.577000
0.330429	0.330317	254.677000
0.330347	0.330222	254.777000
0.329971	0.329852	254.877000
0.329475	0.329347	254.977000
0.329275	0.329156	255.077000
0.329245	0.329122	255.177000
0.329194	0.329075	255.277000
0.328728	0.328611	255.377000
0.328324	0.328213	255.477000
0.328215	0.328084	255.577000
0.328136	0.328018	255.677000
0.327922	0.327804	255.777000
0.327440	0.327318	255.877000
0.327111	0.326993	255.977000
0.326946	0.326824	256.077000
0.326876	0.326763	256.177000
0.326674	0.326560	256.277000
0.326180	0.326064	256.377000
0.325877	0.325740	256.477000
0.325693	0.325581	256.577000
0.325728	0.325601	256.677000
0.325384	0.325282	256.777000
0.324963	0.324850	256.877000
0.324704	0.324596	256.977000
0.324571	0.324441	257.077000
0.324512	0.324400	257.177000
0.324150	0.324024	257.277000
0.323724	0.323609	257.377000
0.323480	0.323350	257.477000
0.323412	0.323292	257.577000
0.323319	0.323190	257.677000
0.322969	0.322861	257.777000
0.322555	0.322421	257.877000
0.322320	0.322201	257.977000
0.322301	0.322171	258.077000
0.322256	0.322143	258.177000
0.321727	0.321611	258.277000
0.321352	0.321236	258.377000
0.321154	0.321035	258.477000
0.321136	0.321011	258.577000
0.320948	0.320832	258.677000
0.320517	0.320392	258.777000
0.320174	0.320053	258.877000
0.320075	0.319947	258.977000
0.319999	0.319875	259.077000
0.319806	0.319684	259.177000
0.319315	0.319205	259.277000
0.319089	0.318973	259.377000
0.318922	0.318793	259.477000
0.318990	0.318874	259.577000
0.318654	0.318544	259.677000
0.318260	0.318147	259.777000
0.317894	0.317761	259.877000
0.317805	0.317693	259.977000
0.317754	0.317616	260.077000
0.317438	0.317307	260.177000
0.316985	0.316875	260.277000
0.316808	0.316685	260.377000
0.316727	0.316594	260.477000
0.316646	0.316521	260.577000
0.316217	0.316096	260.677000
0.315969	0.315848	260.777000
0.315695	0.315573	260.877000
0.315595	0.315461	260.977000
0.315476	0.315372	261.077000
0.315119	0.314997	261.177000
0.314718	0.314588	261.277000
0.314586	0.314459	261.377000
0.314467	0.314348	261.477000
0.314412	0.314292	261.577000
0.313900	0.313791	261.677000
0.313653	0.313540	261.777000
0.313496	0.313366	261.877000
0.313520	0.313389	261.977000
0.313272	0.313155	262.077000
0.312916	0.312805	262.177000
0.312599	0.312473	262.277000
0.312449	0.312317	262.377000
0.312428	0.312306	262.477000
0.312112	0.311998	262.577000
0.311674	0.311560	262.677000
0.311422	0.311301	262.777000
0.311318	0.311208	262.877000
0.311324	0.311211	262.977000
0.310954	0.310845	263.077000
0.310621	0.310502	263.177000
0.310394	0.310281	263.277000
0.310345	0.310217	263.377000
0.310195	0.310065	263.477000
0.309843	0.309732	263.577000
0.309459	0.309349	263.677000
0.309308	0.309184	263.777000
0.309210	0.309077	263.877000
0.309132	0.309019	263.977000
0.308755	0.308643	264.077000
0.308453	0.308339	264.177000
0.308329	0.308210	264.277000
0.308323	0.308207	264.377000
0.308149	0.308025	264.477000
0.307706	0.307594	264.577000
0.307383	0.307271	264.677000
0.307296	0.307167	264.777000
0.307239	0.307121	264.877000
0.307070	0.306957	264.977000
0.306610	0.306501	265.077000
0.306380	0.306267	265.177000
0.306180	0.306059	265.277000
0.306166	0.306042	265.377000
0.305849	0.305753	265.477000
0.305568	0.305448	265.577000
0.305257	0.305131	265.677000
0.305219	0.305094	265.777000
0.305181	0.305061	265.877000
0.304890	0.304769	265.977000
0.304483	0.304369	266.077000
0.304273	0.304149	266.177000
0.304189	0.304067	266.277000
0.304149	0.304031	266.377000
0.303772	0.303668	266.477000
0.303410	0.303294	266.577000
0.303220	0.303103	266.677000
0.303190	0.303066	266.777000
0.303096	0.302985	266.877000
0.302758	0.302639	266.977000
0.302404	0.302299	267.077000
0.302272	0.302147	267.177000
0.302241	0.302119	267.277000
0.302134	0.302009	267.377000
0.301675	0.301564	267.477000
0.301373	0.301259	267.577000
0.301158	0.301037	267.677000
0.301213	0.301087	267.777000
0.300996	0.300884	267.877000
0.300652	0.300539	267.977000
0.300363	0.300240	268.077000
0.300244	0.300134	268.177000
0.300232	0.300115	268.277000
0.300005	0.299896	268.377000
0.299603	0.299488	268.477000
0.299422	0.299293	268.577000
0.299275	0.299156	268.677000
0.299211	0.299084	268.777000
0.298925	0.298814	268.877000
0.298599	0.298480	268.977000
0.298340	0.298214	269.077000
0.298295	0.298176	269.177000
0.298259	0.298145	269.277000
0.297940	0.297828	269.377000
0.297546	0.297422	269.477000
0.297383	0.297265	269.577000
0.297320	0.297201	269.677000
0.297232	0.297114	269.777000
0.296829	0.296718	269.877000
0.296586	0.296461	269.977000
0.296425	0.296310	270.077000
0.296368	0.296242	270.177000
0.296333	0.296232	270.277000
0.295930	0.295799	270.377000
0.295657	0.295548	270.477000
0.295476	0.295348	270.577000
0.295480	0.295379	270.677000
0.295336	0.295216	270.777000
0.294989	0.294892	270.877000
0.294666	0.294532	270.977000
0.294544	0.294444	271.077000
0.294542	0.294404	271.177000
0.294305	0.294195	271.277000
0.293925	0.293807	271.377000
0.293741	0.293622	271.477000
0.293648	0.293532	271.577000
0.293648	0.293525	271.677000
0.293293	0.293192	271.777000
0.293018	0.292901	271.877000
0.292785	0.292669	271.977000
0.292741	0.292616	272.077000
0.292645	0.292544	272.177000
0.292391	0.292283	272.277000
0.291992	0.291875	272.377000
0.291866	0.291744	272.477000
0.291737	0.291629	272.577000
0.291758	0.291646	272.677000
0.291344	0.291211	272.777000
0.291042	0.290920	272.877000
0.290911	0.290791	272.977000
0.290876	0.290755	273.077000
0.290760	0.290644	273.177000
0.290417	0.290294	273.277000
0.290135	0.290012	273.377000
0.290006	0.289890	273.477000
0.289933	0.289826	273.577000
0.289831	0.289719	273.677000
0.289417	0.289309	273.777000
0.289202	0.289068	273.877000
0.289016	0.288902	273.977000
0.289073	0.288953	274.077000
0.288805	0.288693	274.177000
0.288509	0.288399	274.277000
0.288140	0.288028	274.377000
0.288154	0.288035	274.477000
0.288080	0.287952	274.577000
0.287868	0.287760	274.677000
0.287537	0.287415	274.777000
0.287361	0.287245	274.877000
0.287277	0.287150	274.977000
0.287255	0.287141	275.077000
0.286962	0.286848	275.177000
0.286638	0.286527	275.277000
0.286419	0.286297	275.377000
0.286366	0.286257	275.477000
0.286320	0.286208	275.577000
0.286015	0.285893	275.677000
0.285664	0.285549	275.777000
0.285605	0.285476	275.877000
0.285536	0.285414	275.977000
0.285426	0.285317	276.077000
0.285000	0.284893	276.177000
0.284842	0.284726	276.277000
0.284715	0.284590	276.377000
0.284687	0.284575	276.477000
0.284496	0.284377	276.577000
0.284224	0.284121	276.677000
0.283981	0.283867	276.777000
0.283888	0.283765	276.877000
0.283809	0.283687	276.977000
0.283614	0.283494	277.077000
0.283263	0.283153	277.177000
0.283049	0.282929	277.277000
0.282929	0.282823	277.377000
0.282986	0.282848	277.477000
0.282742	0.282650	277.577000
0.282382	0.282259	277.677000
0.282126	0.282006	277.777000
0.282131	0.282007	277.877000
0.282049	0.281933	277.977000
0.281811	0.281703	278.077000
0.281424	0.281319	278.177000
0.281323	0.281207	278.277000
0.281276	0.281160	278.377000
0.281199	0.281082	278.477000
0.280866	0.280744	278.577000
0.280606	0.280496	278.677000
0.280432	0.280312	278.777000
0.280437	0.280302	278.877000
0.280348	0.280239	278.977000
0.280058	0.279936	279.077000
0.279771	0.279665	279.177000
0.279638	0.279520	279.277000
0.279594	0.279476	279.377000
0.279453	0.279326	279.477000
0.279108	0.279001	279.577000
0.278967	0.278854	279.677000
0.278784	0.278663	279.777000
0.278764	0.278633	279.877000
0.278531	0.278420	279.977000
0.278293	0.278184	280.077000
0.278008	0.277897	280.177000
0.277973	0.277857	280.277000
0.277940	0.277816	280.377000
0.277784	0.277658	280.477000
0.277400	0.277289	280.577000
0.277208	0.277101	280.677000
0.277138	0.277024	280.777000
0.277159	0.277035	280.877000
0.276869	0.276746	280.977000
0.276554	0.276452	281.077000
0.276395	0.276273	281.177000
0.276343	0.276218	281.277000
0.276302	0.276180	281.377000
0.276017	0.275901	281.477000
0.275719	0.275612	281.577000
0.275586	0.275468	281.677000
0.275477	0.275357	281.777000
0.275442	0.275335	281.877000
0.275159	0.275033	281.977000
0.274909	0.274790	282.077000
0.274679	0.274569	282.177000
0.274752	0.274642	282.277000
0.274602	0.274486	282.377000
0.274221	0.274117	282.477000
0.273958	0.273861	282.577000
0.273857	0.273738	282.677000
0.273916	0.273787	282.777000
0.273725	0.273606	282.877000
0.273405	0.273299	282.977000
0.273201	0.273087	283.077000
0.273128	0.273007	283.177000
0.273075	0.272950	283.277000
0.272888	0.272781	283.377000
0.272583	0.272451	283.477000
0.272374	0.272273	283.577000
0.272294	0.272172	283.677000
0.272267	0.272152	283.777000
0.272044	0.271914	283.877000
0.271728	0.271623	283.977000
0.271584	0.271476	284.077000
0.271554	0.271452	284.177000
0.271493	0.271368	284.277000
0.271240	0.271134	284.377000
0.270965	0.270851	284.477000
0.270841	0.270733	284.577000
0.270738	0.270621	284.677000
0.270680	0.270561	284.777000
0.270374	0.270257	284.877000
0.270237	0.270121	284.977000
0.270058	0.269954	285.077000
0.270053	0.269940	285.177000
0.269904	0.269782	285.277000
0.269623	0.269506	285.377000
0.269321	0.269209	285.477000
0.269283	0.269176	285.577000
0.269257	0.269140	285.677000
0.269071	0.268952	285.777000
0.268764	0.268648	285.877000
0.268575	0.268462	285.977000
0.268486	0.268378	286.077000
0.268508	0.268384	286.177000
0.268294	0.268176	286.277000
0.268062	0.267952	286.377000
0.267854	0.267740	286.477000
0.267805	0.267687	286.577000
0.267715	0.267600	286.677000
0.267532	0.267424	286.777000
0.267185	0.267074	286.877000
0.267077	0.266975	286.977000
0.266959	0.266839	287.077000
0.266955	0.266832	287.177000
0.266622	0.266500	287.277000
0.266414	0.266295	287.377000
0.266266	0.266155	287.477000
0.266293	0.266176	287.577000
0.266166	0.266047	287.677000
0.265867	0.265752	287.777000
0.265652	0.265544	287.877000
0.265578	0.265471	287.977000
0.265497	0.265382	288.077000
0.265423	0.265302	288.177000
0.265071	0.264951	288.277000
0.264927	0.264804	288.377000
0.264821	0.264709	288.477000
0.264800	0.264681	288.577000
0.264586	0.264466	288.677000
0.264351	0.264221	288.777000
0.264068	0.263957	288.877000
0.264063	0.263959	288.977000
0.263993	0.263873	289.077000
0.263812	0.263697	289.177000
0.263508	0.263396	289.277000
0.263360	0.263268	289.377000
0.263296	0.263175	289.477000
0.263256	0.263144	289.577000
0.263014	0.262893	289.677000
0.262774	0.262656	289.777000
0.262602	0.262485	289.877000
0.262569	0.262449	289.977000
0.262562	0.262456	290.077000
0.262305	0.262179	290.177000
0.261979	0.261866	290.277000
0.261899	0.261788	290.377000
0.261811	0.261705	290.477000
0.261845	0.261720	290.577000
0.261474	0.261359	290.677000
0.261270	0.261154	290.777000
0.261123	0.261008	290.877000
0.261136	0.261034	290.977000
0.260954	0.260843	291.077000
0.260774	0.260647	291.177000
0.260532	0.260410	291.277000
0.260423	0.260310	291.377000
0.260390	0.260283	291.477000
0.260256	0.260154	291.577000
0.259983	0.259860	291.677000
0.259769	0.259645	291.777000
0.259658	0.259563	291.877000
0.259707	0.259591	291.977000
0.259529	0.259413	292.077000
0.259260	0.259140	292.177000
0.259072	0.258967	292.277000
0.259021	0.258899	292.377000
0.258945	0.258836	292.477000
0.258775	0.258652	292.577000
0.258483	0.258369	292.677000
0.258384	0.258258	292.777000
0.258248	0.258136	292.877000
0.258240	0.258129	292.977000
0.258035	0.257915	293.077000
0.257820	0.257705	293.177000
0.257634	0.257522	293.277000
0.257588	0.257482	293.377000
0.257533	0.257419	293.477000
0.257219	0.257110	293.577000
0.256994	0.256876	293.677000
0.256944	0.256832	293.777000
0.256934	0.256825	293.877000
0.256812	0.256698	293.977000
0.256522	0.256412	294.077000
0.256347	0.256219	294.177000
0.256215	0.256109	294.277000
0.256153	0.256054	294.377000
0.255978	0.255872	294.477000
0.255779	0.255657	294.577000
0.255550	0.255440	294.677000
0.255535	0.255416	294.777000
0.255484	0.255383	294.877000
0.255332	0.255225	294.977000
0.255064	0.254939	295.077000
0.254909	0.254799	295.177000
0.254867	0.254753	295.277000
0.254851	0.254744	295.377000
0.254637	0.254505	295.477000
0.254334	0.254227	295.577000
0.254246	0.254137	295.677000
0.254223	0.254115	295.777000
0.254142	0.254032	295.877000
0.253888	0.253768	295.977000
0.253665	0.253557	296.077000
0.253539	0.253405	296.177000
0.253451	0.253349	296.277000
0.253425	0.253322	296.377000
0.253225	0.253121	296.477000
0.253005	0.252871	296.577000
0.252880	0.252773	296.677000
0.252852	0.252740	296.777000
0.252787	0.252675	296.877000
0.252491	0.252368	296.977000
0.252288	0.252175	297.077000
0.252166	0.252048	297.177000
0.252191	0.252076	297.277000
0.251967	0.251856	297.377000
0.251786	0.251689	297.477000
0.251600	0.251484	297.577000
0.251539	0.251431	297.677000
0.251437	0.251318	297.777000
0.251319	0.251235	297.877000
0.251065	0.250942	297.977000
0.250905	0.250791	298.077000
0.250817	0.250696	298.177000
0.250814	0.250707	298.277000
0.250646	0.250530	298.377000
0.250411	0.250293	298.477000
0.250213	0.250114	298.577000
0.250235	0.250123	298.677000
0.250169	0.250064	298.777000
0.249957	0.249842	298.877000
0.249674	0.249567	298.977000
0.249608	0.249482	299.077000
0.249526	0.249418	299.177000
0.249535	0.249424	299.277000
0.249276	0.249161	299.377000
0.249118	0.248995	299.477000
0.248937	0.248814	299.577000
0.248920	0.248811	299.677000
0.248791	0.248681	299.777000
0.248553	0.248435	299.877000
0.248337	0.248214	299.977000
0.248269	0.248154	300.077000
0.248288	0.248181	300.177000
0.248148	0.248045	300.277000
0.247880	0.247776	300.377000
0.247737	0.247631	300.477000
0.247620	0.247504	300.577000
0.247638	0.247511	300.677000
0.247442	0.247329	300.777000
0.247245	0.247139	300.877000
0.247027	0.246914	300.977000
0.247018	0.246901	301.077000
0.246944	0.246837	301.177000
0.246814	0.246718	301.277000
0.246507	0.246405	301.377000
0.246427	0.246313	301.477000
0.246328	0.246211	301.577000
0.246335	0.246230	301.677000
0.246122	0.246015	301.777000
0.245910	0.245803	301.877000
0.245729	0.245609	301.977000
0.245765	0.245652	302.077000
0.245668	0.245555	302.177000
0.245422	0.245309	302.277000
0.245216	0.245110	302.377000
0.245131	0.245008	302.477000
0.245043	0.244920	302.577000
0.244988	0.244876	302.677000
0.244770	0.244681	302.777000
0.244611	0.244499	302.877000
0.244430	0.244309	302.977000
0.244448	0.244337	303.077000
0.244327	0.244222	303.177000
0.244136	0.244024	303.277000
0.243886	0.243774	303.377000
0.243879	0.243769	303.477000
0.243860	0.243734	303.577000
0.243713	0.243590	303.677000
0.243412	0.243298	303.777000
0.243292	0.243190	303.877000
0.243250	0.243126	303.977000
0.243200	0.243076	304.077000
0.243004	0.242902	304.177000
0.242856	0.242750	304.277000
0.242687	0.242576	304.377000
0.242657	0.242532	304.477000
0.242600	0.242503	304.577000
0.242455	0.242343	304.677000
0.242171	0.242061	304.777000
0.242089	0.241976	304.877000
0.242002	0.241882	304.977000
0.241992	0.241879	305.077000
0.241718	0.241601	305.177000
0.241574	0.241471	305.277000
0.241470	0.241370	305.377000
0.241471	0.241342	305.477000
0.241334	0.241219	305.577000
0.241092	0.240987	305.677000
0.240911	0.240801	305.777000
0.240804	0.240692	305.877000
0.240762	0.240656	305.977000
0.240686	0.240566	306.077000
0.240446	0.240339	306.177000
0.240272	0.240162	306.277000
0.240187	0.240081	306.377000
0.240208	0.240094	306.477000
0.240049	0.239930	306.577000
0.239852	0.239729	306.677000
0.239650	0.239545	306.777000
0.239635	0.239519	306.877000
0.239592	0.239474	306.977000
0.239484	0.239372	307.077000
0.239240	0.239125	307.177000
0.239131	0.239029	307.277000
0.239026	0.238921	307.377000
0.239008	0.238893	307.477000
0.238794	0.238673	307.577000
0.238630	0.238522	307.677000
0.238505	0.238400	307.777000
0.238424	0.238316	307.877000
0.238420	0.238290	307.977000
0.238162	0.238046	308.077000
0.237982	0.237868	308.177000
0.237921	0.237804	308.277000
0.237864	0.237755	308.377000
0.237791	0.237670	308.477000
0.237511	0.237403	308.577000
0.237427	0.237321	308.677000
0.237316	0.237213	308.777000
0.237323	0.237205	308.877000
0.237184	0.237070	308.977000
0.236971	0.236849	309.077000
0.236841	0.236740	309.177000
0.236711	0.236601	309.277000
0.236702	0.236581	309.377000
0.236566	0.236450	309.477000
0.236349	0.236234	309.577000
0.236152	0.236040	309.677000
0.236142	0.236045	309.777000
0.236112	0.235998	309.877000
0.235956	0.235856	309.977000
0.235713	0.235590	310.077000
0.235647	0.235534	310.177000
0.235568	0.235446	310.277000
0.235554	0.235445	310.377000
0.235345	0.235230	310.477000
0.235238	0.235122	310.577000
0.235086	0.234985	310.677000
0.235018	0.234908	310.777000
0.234882	0.234771	310.877000
0.234712	0.234614	310.977000
0.234538	0.234432	311.077000
0.234488	0.234382	311.177000
0.234384	0.234274	311.277000
0.234378	0.234261	311.377000
0.234060	0.233936	311.477000
0.233974	0.233866	311.577000
0.233876	0.233753	311.677000
0.233910	0.233791	311.777000
0.233765	0.233636	311.877000
0.233554	0.233445	311.977000
0.233387	0.233281	312.077000
0.233291	0.233183	312.177000
0.233254	0.233134	312.277000
0.233148	0.233039	312.377000
0.232942	0.232832	312.477000
0.232798	0.232688	312.577000
0.232703	0.232594	312.677000
0.232729	0.232620	312.777000
0.232559	0.232431	312.878000
0.232375	0.232262	312.977000
0.232190	0.232081	313.077000
0.232194	0.232094	313.177000
0.232133	0.232011	313.277000
0.231984	0.231873	313.377000
0.231722	0.231612	313.477000
0.231684	0.231568	313.577000
0.231618	0.231499	313.677000
0.231592	0.231478	313.777000
0.231346	0.231242	313.877000
0.231222	0.231110	313.977000
0.231120	0.231014	314.077000
0.231083	0.230967	314.177000
0.231038	0.230937	314.277000
0.230891	0.230761	314.377000
0.230681	0.230575	314.477000
0.230576	0.230463	314.577000
0.230546	0.230446	314.677000
0.230541	0.230417	314.777000
0.230235	0.230129	314.877000
0.230076	0.229961	314.977000
0.229969	0.229873	315.077000
0.230038	0.229918	315.177000
0.229834	0.229730	315.277000
0.229691	0.229576	315.377000
0.229543	0.229431	315.477000
0.229503	0.229393	315.577000
0.229407	0.229302	315.677000
0.229282	0.229177	315.777000
0.229099	0.228980	315.877000
0.228982	0.228878	315.977000
0.228884	0.228784	316.077000
0.228889	0.228789	316.177000
0.228692	0.228586	316.277000
0.228558	0.228443	316.377000
0.228433	0.228317	316.477000
0.228388	0.228274	316.577000
0.228299	0.228198	316.677000
0.228183	0.228064	316.777000
0.227952	0.227842	316.877000
0.227904	0.227797	316.977000
0.227804	0.227703	317.077000
0.227765	0.227656	317.177000
0.227543	0.227425	317.277000
0.227423	0.227323	317.377000
0.227341	0.227222	317.477000
0.227311	0.227203	317.577000
0.227279	0.227165	317.677000
0.227024	0.226911	317.777000
0.226907	0.226802	317.877000
0.226777	0.226662	317.977000
0.226831	0.226732	318.077000
0.226684	0.226580	318.177000
0.226445	0.226325	318.277000
0.226357	0.226249	318.377000
0.226276	0.226175	318.477000
0.226302	0.226184	318.577000
0.226097	0.225985	318.677000
0.225938	0.225821	318.777000
0.225827	0.225720	318.877000
0.225819	0.225714	318.977000
0.225710	0.225597	319.077000
0.225585	0.225483	319.177000
0.225390	0.225271	319.277000
0.225278	0.225169	319.377000
0.225245	0.225143	319.477000
0.225209	0.225109	319.577000
0.225062	0.224941	319.677000
0.224856	0.224740	319.777000
0.224716	0.224622	319.877000
0.224688	0.224571	319.977000
0.224584	0.224476	320.077000
0.224420	0.224299	320.177000
0.224273	0.224170	320.277000
0.224250	0.224125	320.377000
0.224156	0.224052	320.477000
0.224088	0.223974	320.577000
0.223890	0.223779	320.677000
0.223804	0.223683	320.777000
0.223665	0.223553	320.877000
0.223653	0.223551	320.977000
0.223619	0.223503	321.077000
0.223466	0.223350	321.177000
0.223276	0.223175	321.277000
0.223216	0.223116	321.377000
0.223231	0.223136	321.477000
0.223099	0.222987	321.577000
0.222873	0.222767	321.677000
0.222737	0.222609	321.777000
0.222674	0.222577	321.877000
0.222673	0.222561	321.977000
0.222498	0.222387	322.077000
0.222353	0.222230	322.177000
0.222277	0.222175	322.277000
0.222243	0.222134	322.377000
0.222146	0.222050	322.477000
0.221981	0.221861	322.577000
0.221837	0.221722	322.677000
0.221704	0.221601	322.777000
0.221734	0.221628	322.877000
0.221647	0.221539	322.977000
0.221501	0.221392	323.077000
0.221286	0.221176	323.177000
0.221189	0.221087	323.277000
0.221117	0.221008	323.377000
0.221072	0.220963	323.477000
0.220856	0.220740	323.577000
0.220782	0.220668	323.677000
0.220656	0.220558	323.777000
0.220664	0.220549	323.877000
0.220510	0.220396	323.977000
0.220364	0.220253	324.077000
0.220226	0.220108	324.177000
0.220166	0.220050	324.277000
0.220182	0.220070	324.377000
0.220068	0.219957	324.477000
0.219842	0.219731	324.577000
0.219809	0.219694	324.677000
0.219694	0.219586	324.777000
0.219693	0.219582	324.877000
0.219473	0.219355	324.977000
0.219361	0.219244	325.077000
0.219176	0.219068	325.177000
0.219190	0.219094	325.277000
0.219143	0.219022	325.377000
0.219002	0.218899	325.477000
0.218823	0.218711	325.577000
0.218755	0.218638	325.677000
0.218675	0.218559	325.777000
0.218641	0.218540	325.877000
0.218481	0.218365	325.977000
0.218336	0.218214	326.077000
0.218180	0.218074	326.177000
0.218232	0.218126	326.277000
0.218131	0.218030	326.377000
0.217997	0.217874	326.477000
0.217849	0.217735	326.578000
0.217805	0.217697	326.677000
0.217723	0.217607	326.777000
0.217625	0.217513	326.877000
0.217368	0.217260	326.977000
0.217370	0.217257	327.077000
0.217273	0.217155	327.177000
0.217251	0.217154	327.277000
0.217079	0.216959	327.377000
0.216921	0.216808	327.477000
0.216835	0.216713	327.577000
0.216757	0.216644	327.677000
