61.634000 0.626539
62.864000 0.605560
64.124000 0.586040
65.294000 0.566939
66.604000 0.549899
67.834000 0.533022
69.104000 0.517928
70.314000 0.502540
71.594000 0.489339
72.764000 0.475753
73.994000 0.463303
75.254000 0.452225
76.524000 0.441178
77.734000 0.430579
78.984000 0.420726
80.214000 0.411247
81.464000 0.402384
82.714000 0.393947
83.924000 0.385916
85.124000 0.378047
86.374000 0.370742
87.604000 0.363779
88.834000 0.356902
90.084000 0.350409
91.314000 0.343940
92.574000 0.338021
93.794000 0.332332
95.024000 0.326881
96.274000 0.321641
97.504000 0.316485
98.734000 0.311424
99.964000 0.306663
101.164000 0.301870
102.444000 0.297526
103.674000 0.293197
104.924000 0.288953
106.154000 0.284930
107.384000 0.281125
108.584000 0.277214
109.784000 0.273657
110.944000 0.269630
112.224000 0.266366
113.514000 0.262937
114.734000 0.259804
115.944000 0.256391
117.194000 0.253294
118.444000 0.250328
119.644000 0.247539
120.954000 0.244660
122.164000 0.241770
123.394000 0.239066
124.614000 0.236410
125.844000 0.233668
127.074000 0.231139
128.344000 0.228552
129.594000 0.226148
130.864000 0.224050
132.084000 0.221578
133.254000 0.219255
134.544000 0.217227
135.774000 0.214849
136.994000 0.212760
138.244000 0.210725
139.434000 0.208709
140.654000 0.206779
141.864000 0.204773
143.134000 0.203117
144.404000 0.201083
145.604000 0.199200
146.854000 0.197440
148.104000 0.195717
149.334000 0.194084
150.604000 0.192456
151.854000 0.190797
153.104000 0.189167
154.304000 0.187656
155.454000 0.185795
156.694000 0.184351
157.974000 0.182970
159.184000 0.181461
160.374000 0.179807
161.594000 0.178718
162.894000 0.177264
164.144000 0.175967
165.364000 0.174464
166.614000 0.173143
167.894000 0.171946
169.004000 0.170671
170.284000 0.169306
171.474000 0.168092
172.654000 0.166814
173.944000 0.165795
175.224000 0.164594
176.414000 0.163547
177.654000 0.162294
178.904000 0.161196
180.204000 0.160098
181.444000 0.158994
182.594000 0.158135
183.844000 0.157019
185.024000 0.155972
186.304000 0.154736
187.494000 0.153913
188.774000 0.152910
190.044000 0.151845
191.224000 0.150917
192.534000 0.149833
193.714000 0.148949
195.074000 0.148174
196.244000 0.147401
197.354000 0.146441
198.714000 0.145494
199.924000 0.144687
201.244000 0.143839
