1.215159	2.074539	45.716000
1.212281	1.212549	45.816000
1.212448	1.212355	45.916000
1.212769	1.212610	46.016000
1.213065	1.212859	46.116000
1.213213	1.213021	46.216000
1.213410	1.213194	46.316000
1.213498	1.213274	46.416000
1.213571	1.213334	46.516000
1.213537	1.213317	46.616000
1.213677	1.213438	46.716000
1.212858	1.212642	46.816000
1.201070	1.200859	46.916000
1.188235	1.188020	47.016000
1.181269	1.181038	47.116000
1.178373	1.178132	47.216000
1.176343	1.176116	47.316000
1.164868	1.164657	47.416000
1.155197	1.154982	47.516000
1.151435	1.151202	47.616000
1.151424	1.151181	47.716000
1.151024	1.150794	47.816000
1.141403	1.141192	47.916000
1.135047	1.134827	48.016000
1.133855	1.133601	48.116000
1.136048	1.135814	48.216000
1.136164	1.135944	48.316000
1.127869	1.127656	48.416000
1.123661	1.123418	48.516000
1.124268	1.124015	48.616000
1.127752	1.127512	48.716000
1.127355	1.127144	48.816000
1.119834	1.119605	48.916000
1.117167	1.116924	49.016000
1.118855	1.118616	49.116000
1.123132	1.122871	49.216000
1.121486	1.121262	49.316000
1.114861	1.114639	49.416000
1.113185	1.112939	49.516000
1.115645	1.115394	49.616000
1.120127	1.119880	49.716000
1.117225	1.117009	49.816000
1.111295	1.111071	49.916000
1.110605	1.110370	50.016000
1.113453	1.113208	50.116000
1.117852	1.117604	50.216000
1.113539	1.113321	50.316000
1.108439	1.108216	50.416000
1.108285	1.108033	50.516000
1.111633	1.111378	50.616000
1.115433	1.115186	50.716000
1.110158	1.109953	50.816000
1.105643	1.105405	50.916000
1.106030	1.105787	51.016000
1.109647	1.109411	51.116000
1.112570	1.112350	51.216000
1.106342	1.106126	51.316000
1.102478	1.102254	51.416000
1.103251	1.102995	51.516000
1.107076	1.106825	51.616000
1.108687	1.108460	51.716000
1.101955	1.101747	51.816000
1.098576	1.098338	51.916000
1.099692	1.099433	52.016000
1.103495	1.103231	52.116000
1.103563	1.103344	52.216000
1.096500	1.096272	52.316000
1.093656	1.093423	52.416000
1.094827	1.094589	52.516000
1.098573	1.098328	52.616000
1.096803	1.096576	52.716000
1.089765	1.089547	52.816000
1.087103	1.086875	52.916000
1.088463	1.088212	53.016000
1.091835	1.091581	53.116000
1.088230	1.088006	53.216000
1.081219	1.081003	53.316000
1.079005	1.078763	53.416000
1.080310	1.080077	53.516000
1.083179	1.082927	53.616000
1.077870	1.077649	53.716000
1.071224	1.070998	53.816000
1.069104	1.068878	53.916000
1.070462	1.070226	54.016000
1.072441	1.072202	54.116000
1.065869	1.065642	54.216000
1.059603	1.059396	54.316000
1.057808	1.057567	54.416000
1.059153	1.058913	54.516000
1.060104	1.059864	54.616000
1.052514	1.052314	54.716000
1.046706	1.046471	54.816000
1.045153	1.044937	54.916000
1.046531	1.046292	55.016000
1.046279	1.046069	55.116000
1.038154	1.037933	55.216000
1.032819	1.032602	55.316000
1.031513	1.031289	55.416000
1.032997	1.032763	55.516000
1.031178	1.030959	55.616000
1.022978	1.022769	55.716000
1.018223	1.018012	55.816000
1.017275	1.017057	55.916000
1.018706	1.018471	56.016000
1.015470	1.015268	56.116000
1.007370	1.007169	56.216000
1.003113	1.002909	56.316000
1.002307	1.002084	56.416000
1.003650	1.003423	56.516000
0.998901	0.998690	56.616000
0.991200	0.991000	56.716000
0.987413	0.987204	56.816000
0.987010	0.986784	56.916000
0.988025	0.987802	57.016000
0.982293	0.982077	57.116000
0.975140	0.974933	57.216000
0.971906	0.971692	57.316000
0.971648	0.971425	57.416000
0.972204	0.971990	57.516000
0.965396	0.965187	57.616000
0.958945	0.958740	57.716000
0.956176	0.955967	57.816000
0.956251	0.956028	57.916000
0.955990	0.955777	58.016000
0.948745	0.948552	58.116000
0.942825	0.942628	58.216000
0.940568	0.940355	58.316000
0.940802	0.940600	58.416000
0.939692	0.939485	58.516000
0.932113	0.931914	58.616000
0.926907	0.926697	58.716000
0.924954	0.924767	58.816000
0.925492	0.925281	58.916000
0.923234	0.923028	59.016000
0.915796	0.915601	59.116000
0.911124	0.910940	59.216000
0.909634	0.909437	59.316000
0.910175	0.909955	59.416000
0.906962	0.906767	59.516000
0.899750	0.899558	59.616000
0.895719	0.895522	59.716000
0.894486	0.894298	59.816000
0.895041	0.894839	59.916000
0.890633	0.890443	60.016000
0.883927	0.883737	60.116000
0.880363	0.880179	60.216000
0.879542	0.879364	60.316000
0.879803	0.879626	60.416000
0.874648	0.874461	60.516000
0.868416	0.868219	60.616000
0.865363	0.865162	60.716000
0.864697	0.864498	60.816000
0.864649	0.864448	60.916000
0.858719	0.858525	61.016000
0.853060	0.852868	61.116000
0.850341	0.850151	61.216000
0.849965	0.849783	61.316000
0.849279	0.849083	61.416000
0.843010	0.842839	61.516000
0.837836	0.837644	61.616000
0.835599	0.835413	61.716000
0.835313	0.835133	61.816000
0.833978	0.833792	61.916000
0.827418	0.827234	62.016000
0.822794	0.822604	62.116000
0.820793	0.820611	62.216000
0.820751	0.820554	62.316000
0.818470	0.818301	62.416000
0.812037	0.811851	62.516000
0.807932	0.807752	62.616000
0.806288	0.806102	62.716000
0.806294	0.806101	62.816000
0.803130	0.802948	62.916000
0.796949	0.796772	63.016000
0.793249	0.793061	63.116000
0.791880	0.791701	63.216000
0.791790	0.791610	63.316000
0.787788	0.787609	63.416000
0.781954	0.781754	63.516000
0.778689	0.778511	63.616000
0.777503	0.777342	63.716000
0.777332	0.777160	63.816000
0.772667	0.772494	63.916000
0.767272	0.767103	64.016000
0.764436	0.764246	64.116000
0.763528	0.763354	64.216000
0.762959	0.762779	64.316000
0.757862	0.757693	64.416000
0.752926	0.752749	64.516000
0.750443	0.750271	64.616000
0.749656	0.749472	64.716000
0.748807	0.748652	64.816000
0.743354	0.743196	64.916000
0.738908	0.738736	65.016000
0.736696	0.736514	65.116000
0.736129	0.735954	65.216000
0.734567	0.734411	65.316000
0.729192	0.729031	65.416000
0.725114	0.724948	65.516000
0.723268	0.723098	65.616000
0.722803	0.722638	65.716000
0.720690	0.720536	65.816000
0.715292	0.715130	65.916000
0.711758	0.711587	66.016000
0.710087	0.709910	66.116000
0.709841	0.709679	66.216000
0.706960	0.706806	66.316000
0.701876	0.701708	66.416000
0.698643	0.698479	66.516000
0.697268	0.697089	66.616000
0.696904	0.696738	66.716000
0.693546	0.693394	66.816000
0.688736	0.688577	66.916000
0.686017	0.685853	67.016000
0.684852	0.684683	67.116000
0.684441	0.684272	67.216000
0.680582	0.680426	67.316000
0.676199	0.676041	67.416000
0.673714	0.673547	67.516000
0.672784	0.672619	67.616000
0.672160	0.671999	67.716000
0.668001	0.667847	67.816000
0.663946	0.663794	67.916000
0.661833	0.661663	68.016000
0.661059	0.660895	68.116000
0.660196	0.660056	68.216000
0.655788	0.655645	68.316000
0.652194	0.652025	68.416000
0.650264	0.650107	68.516000
0.649681	0.649511	68.616000
0.648332	0.648189	68.716000
0.643975	0.643826	68.816000
0.640684	0.640520	68.916000
0.639116	0.638947	69.016000
0.638671	0.638518	69.116000
0.636919	0.636773	69.216000
0.632593	0.632462	69.316000
0.629727	0.629570	69.416000
0.628341	0.628169	69.516000
0.628038	0.627885	69.616000
0.625711	0.625573	69.716000
0.621628	0.621480	69.816000
0.619030	0.618873	69.916000
0.617924	0.617754	70.016000
0.617569	0.617411	70.116000
0.614836	0.614694	70.216000
0.611013	0.610879	70.316000
0.608785	0.608616	70.416000
0.607789	0.607628	70.516000
0.607431	0.607261	70.616000
0.604294	0.604153	70.716000
0.600792	0.600633	70.816000
0.598777	0.598630	70.916000
0.597959	0.597811	71.016000
0.597481	0.597330	71.116000
0.594075	0.593936	71.216000
0.590890	0.590761	71.316000
0.589171	0.589021	71.416000
0.588572	0.588411	71.516000
0.587775	0.587625	71.616000
0.584249	0.584114	71.716000
0.581358	0.581220	71.816000
0.579872	0.579708	71.916000
0.579305	0.579150	72.016000
0.578247	0.578106	72.116000
0.574761	0.574616	72.216000
0.572163	0.572013	72.316000
0.570828	0.570671	72.416000
0.570506	0.570349	72.516000
0.569013	0.568875	72.616000
0.565598	0.565461	72.716000
0.563135	0.562999	72.816000
0.562045	0.561894	72.916000
0.561785	0.561633	73.016000
0.560036	0.559891	73.116000
0.556628	0.556482	73.216000
0.554586	0.554433	73.316000
0.553571	0.553412	73.416000
0.553385	0.553237	73.516000
0.551180	0.551044	73.616000
0.548119	0.547983	73.716000
0.546187	0.546043	73.816000
0.545457	0.545315	73.916000
0.545061	0.544920	74.016000
0.542625	0.542492	74.117000
0.539777	0.539653	74.216000
0.538231	0.538078	74.316000
0.537547	0.537394	74.416000
0.537200	0.537055	74.516000
0.534421	0.534279	74.616000
0.531887	0.531742	74.717000
0.530419	0.530260	74.816000
0.529894	0.529750	74.916000
0.529249	0.529106	75.016000
0.526428	0.526293	75.116000
0.524020	0.523880	75.216000
0.522873	0.522733	75.316000
0.522441	0.522285	75.416000
0.521602	0.521467	75.516000
0.518733	0.518597	75.616000
0.516620	0.516478	75.716000
0.515500	0.515346	75.816000
0.515202	0.515062	75.916000
0.514029	0.513890	76.016000
0.511241	0.511098	76.116000
0.509342	0.509200	76.216000
0.508488	0.508354	76.316000
0.508204	0.508057	76.416000
0.506730	0.506595	76.516000
0.504020	0.503893	76.616000
0.502358	0.502220	76.716000
0.501548	0.501399	76.816000
0.501324	0.501178	76.916000
0.499576	0.499440	77.016000
0.497112	0.496984	77.116000
0.495563	0.495435	77.216000
0.494950	0.494801	77.316000
0.494693	0.494545	77.416000
0.492647	0.492511	77.516000
0.490263	0.490123	77.616000
0.488913	0.488790	77.716000
0.488386	0.488249	77.816000
0.488053	0.487907	77.916000
0.485909	0.485784	78.016000
0.483802	0.483665	78.116000
0.482611	0.482479	78.216000
0.482178	0.482028	78.316000
0.481710	0.481575	78.416000
0.479381	0.479238	78.516000
0.477432	0.477309	78.616000
0.476451	0.476317	78.716000
0.476124	0.475995	78.816000
0.475390	0.475240	78.916000
0.473071	0.472942	79.016000
0.471294	0.471158	79.116000
0.470416	0.470279	79.216000
0.470147	0.470005	79.316000
0.469226	0.469090	79.416000
0.466886	0.466749	79.516000
0.465320	0.465182	79.616000
0.464513	0.464368	79.716000
0.464356	0.464223	79.816000
0.463220	0.463071	79.916000
0.461051	0.460915	80.016000
0.459584	0.459450	80.116000
0.458982	0.458857	80.216000
0.458727	0.458584	80.316000
0.457351	0.457221	80.416000
0.455234	0.455092	80.516000
0.454011	0.453890	80.616000
0.453466	0.453325	80.716000
0.453279	0.453155	80.816000
0.451591	0.451447	80.916000
0.449684	0.449553	81.016000
0.448499	0.448380	81.116000
0.448100	0.447977	81.216000
0.447786	0.447643	81.316000
0.446016	0.445881	81.416000
0.444228	0.444097	81.516000
0.443276	0.443144	81.616000
0.442837	0.442712	81.716000
0.442534	0.442397	81.816000
0.440633	0.440502	81.916000
0.438991	0.438854	82.016000
0.438114	0.437991	82.116000
0.437895	0.437787	82.216000
0.437346	0.437215	82.316000
0.435491	0.435356	82.416000
0.434010	0.433885	82.516000
0.433299	0.433166	82.616000
0.433025	0.432902	82.716000
0.432298	0.432173	82.816000
0.430329	0.430200	82.916000
0.429065	0.428927	83.016000
0.428360	0.428237	83.116000
0.428206	0.428079	83.216000
0.427166	0.427036	83.316000
0.425357	0.425229	83.416000
0.424163	0.424034	83.516000
0.423691	0.423571	83.616000
0.423535	0.423402	83.716000
0.422355	0.422229	83.816000
0.420585	0.420457	83.916000
0.419578	0.419433	84.016000
0.419105	0.418971	84.116000
0.418973	0.418838	84.216000
0.417544	0.417438	84.316000
0.415945	0.415805	84.416000
0.414957	0.414824	84.516000
0.414670	0.414553	84.616000
0.414361	0.414244	84.716000
0.412849	0.412790	84.816000
0.411350	0.411172	84.916000
0.410607	0.410461	85.016000
0.410264	0.410128	85.116000
0.409962	0.409829	85.216000
0.408338	0.408216	85.316000
0.407015	0.406856	85.416000
0.406274	0.406154	85.516000
0.406044	0.405925	85.616000
0.405482	0.405370	85.716000
0.403923	0.403792	85.816000
0.402646	0.402509	85.916000
0.402047	0.401915	86.016000
0.401828	0.401704	86.116000
0.401193	0.401067	86.216000
0.399581	0.399461	86.316000
0.398471	0.398333	86.416000
0.397934	0.397810	86.516000
0.397758	0.397632	86.616000
0.396961	0.396850	86.716000
0.395399	0.395267	86.816000
0.394405	0.394267	86.916000
0.393936	0.393808	87.016000
0.393828	0.393710	87.116000
0.392790	0.392670	87.216000
0.391309	0.391184	87.316000
0.390404	0.390282	87.416000
0.390133	0.389996	87.516000
0.389976	0.389846	87.616000
0.388785	0.388664	87.716000
0.387382	0.387275	87.816000
0.386629	0.386504	87.916000
0.386269	0.386127	88.016000
0.386155	0.386027	88.116000
0.384803	0.384684	88.216000
0.383563	0.383452	88.316000
0.382830	0.382708	88.416000
0.382659	0.382528	88.516000
0.382319	0.382183	88.616000
0.380994	0.380870	88.716000
0.379784	0.379669	88.816000
0.379219	0.379100	88.916000
0.378955	0.378830	89.016000
0.378565	0.378441	89.116000
0.377141	0.377019	89.216000
0.376116	0.375999	89.316000
0.375576	0.375444	89.416000
0.375498	0.375373	89.516000
0.374883	0.374768	89.616000
0.373560	0.373433	89.716000
0.372556	0.372446	89.816000
0.372180	0.372058	89.916000
0.372007	0.371862	90.016000
0.371317	0.371186	90.116000
0.369932	0.369809	90.216000
0.369134	0.369013	90.316000
0.368717	0.368589	90.416000
0.368666	0.368541	90.516000
0.367742	0.367613	90.616000
0.366505	0.366378	90.716000
0.365692	0.365570	90.816000
0.365386	0.365266	90.916000
0.365273	0.365151	91.016000
0.364262	0.364155	91.116000
0.363035	0.362921	91.216000
0.362391	0.362275	91.316000
0.362091	0.361968	91.416000
0.361947	0.361816	91.516000
0.360903	0.360784	91.616000
0.359834	0.359714	91.716000
0.359147	0.359030	91.816000
0.358940	0.358815	91.916000
0.358718	0.358596	92.016000
0.357563	0.357427	92.116000
0.356550	0.356426	92.216000
0.356054	0.355932	92.316000
0.355845	0.355722	92.416000
0.355485	0.355366	92.516000
0.354264	0.354145	92.616000
0.353383	0.353263	92.716000
0.352931	0.352812	92.816000
0.352816	0.352703	92.916000
0.352304	0.352187	93.016000
0.351129	0.351011	93.116000
0.350318	0.350198	93.216000
0.349938	0.349823	93.316000
0.349839	0.349734	93.416000
0.349263	0.349142	93.516000
0.348080	0.347958	93.616000
0.347345	0.347227	93.716000
0.347005	0.346884	93.816000
0.346908	0.346776	93.916000
0.346108	0.346006	94.016000
0.345048	0.344909	94.116000
0.344390	0.344271	94.216000
0.344102	0.343972	94.316000
0.343997	0.343899	94.416000
0.343077	0.342945	94.516000
0.342105	0.341986	94.616000
0.341512	0.341383	94.716000
0.341298	0.341187	94.816000
0.341127	0.341004	94.916000
0.340208	0.340090	95.016000
0.339212	0.339081	95.116000
0.338730	0.338607	95.216000
0.338506	0.338390	95.316000
0.338330	0.338230	95.416000
0.337309	0.337186	95.516000
0.336442	0.336319	95.616000
0.336000	0.335871	95.716000
0.335892	0.335770	95.816000
0.335565	0.335455	95.916000
0.334560	0.334442	96.016000
0.333701	0.333580	96.116000
0.333342	0.333209	96.216000
0.333215	0.333096	96.316000
0.332800	0.332686	96.416000
0.331707	0.331590	96.516000
0.331047	0.330921	96.616000
0.330660	0.330543	96.716000
0.330601	0.330494	96.816000
0.329987	0.329890	96.916000
0.329013	0.328884	97.016000
0.328342	0.328223	97.116000
0.328110	0.327977	97.216000
0.327967	0.327855	97.316000
0.327353	0.327225	97.416000
0.326394	0.326284	97.516000
0.325853	0.325734	97.616000
0.325595	0.325479	97.716000
0.325543	0.325428	97.816000
0.324753	0.324635	97.916000
0.323896	0.323778	98.017000
0.323346	0.323215	98.116000
0.323189	0.323073	98.216000
0.323066	0.322942	98.316000
0.322222	0.322106	98.416000
0.321292	0.321178	98.516000
0.320921	0.320794	98.616000
0.320716	0.320600	98.716000
0.320556	0.320431	98.816000
0.319612	0.319501	98.916000
0.318859	0.318734	99.016000
0.318439	0.318309	99.116000
0.318333	0.318213	99.216000
0.317989	0.317882	99.316000
0.317060	0.316938	99.416000
0.316377	0.316259	99.516000
0.316064	0.315953	99.616000
0.315946	0.315807	99.716000
0.315633	0.315514	99.816000
0.314699	0.314590	99.916000
0.314098	0.313974	100.016000
0.313808	0.313677	100.116000
0.313720	0.313599	100.216000
0.313189	0.313082	100.316000
0.312350	0.312234	100.416000
0.311799	0.311666	100.516000
0.311541	0.311431	100.616000
0.311439	0.311318	100.716000
0.310888	0.310773	100.816000
0.309979	0.309870	100.916000
0.309475	0.309355	101.016000
0.309263	0.309145	101.116000
0.309232	0.309113	101.216000
0.308502	0.308412	101.316000
0.307757	0.307654	101.416000
0.307290	0.307161	101.516000
0.307120	0.306994	101.616000
0.306992	0.306888	101.716000
0.306271	0.306153	101.816000
0.305533	0.305415	101.916000
0.305139	0.305014	102.016000
0.304973	0.304858	102.116000
0.304786	0.304658	102.216000
0.303961	0.303851	102.316000
0.303255	0.303133	102.416000
0.302958	0.302845	102.516000
0.302872	0.302743	102.616000
0.302645	0.302536	102.716000
0.301779	0.301667	102.816000
0.301178	0.301057	102.916000
0.300819	0.300696	103.016000
0.300785	0.300665	103.116000
0.300409	0.300283	103.216000
0.299618	0.299509	103.316000
0.299018	0.298907	103.416000
0.298782	0.298658	103.516000
0.298647	0.298521	103.616000
0.298265	0.298151	103.716000
0.297444	0.297340	103.816000
0.296989	0.296866	103.916000
0.296732	0.296599	104.016000
0.296725	0.296609	104.116000
0.296166	0.296040	104.216000
0.295445	0.295334	104.316000
0.294925	0.294810	104.416000
0.294784	0.294674	104.516000
0.294689	0.294570	104.616000
0.294102	0.293985	104.716000
0.293347	0.293235	104.816000
0.292979	0.292879	104.916000
0.292807	0.292686	105.016000
0.292775	0.292651	105.116000
0.292072	0.291954	105.216000
0.291430	0.291326	105.316000
0.291073	0.290964	105.416000
0.291001	0.290891	105.516000
0.290795	0.290672	105.616000
0.290112	0.289994	105.717000
0.289432	0.289321	105.816000
0.289138	0.289026	105.916000
0.289021	0.288894	106.016000
0.288853	0.288730	106.116000
0.288078	0.287961	106.216000
0.287568	0.287459	106.316000
0.287232	0.287120	106.416000
0.287176	0.287051	106.516000
0.286876	0.286757	106.616000
0.286191	0.286068	106.716000
0.285658	0.285540	106.816000
0.285469	0.285355	106.916000
0.285361	0.285251	107.016000
0.284993	0.284872	107.116000
0.284267	0.284159	107.216000
0.283807	0.283696	107.316000
0.283562	0.283455	107.416000
0.283570	0.283450	107.516000
0.283050	0.282936	107.616000
0.282391	0.282280	107.716000
0.281984	0.281878	107.816000
0.281857	0.281752	107.916000
0.281753	0.281640	108.016000
0.281232	0.281100	108.116000
0.280551	0.280441	108.216000
0.280192	0.280078	108.316000
0.280013	0.279902	108.416000
0.279959	0.279827	108.516000
0.279337	0.279224	108.616000
0.278804	0.278695	108.716000
0.278441	0.278338	108.816000
0.278367	0.278246	108.916000
0.278201	0.278088	109.016000
0.277587	0.277468	109.116000
0.277019	0.276902	109.216000
0.276736	0.276627	109.316000
0.276647	0.276532	109.416000
0.276456	0.276341	109.516000
0.275786	0.275667	109.616000
0.275270	0.275148	109.716000
0.274995	0.274893	109.816000
0.274957	0.274825	109.916000
0.274690	0.274566	110.016000
0.274075	0.273942	110.116000
0.273599	0.273494	110.216000
0.273384	0.273254	110.316000
0.273334	0.273226	110.416000
0.273004	0.272874	110.516000
0.272380	0.272268	110.616000
0.271963	0.271848	110.716000
0.271797	0.271681	110.816000
0.271692	0.271583	110.916000
0.271313	0.271198	111.016000
0.270683	0.270585	111.116000
0.270335	0.270227	111.216000
0.270136	0.270029	111.316000
0.270133	0.270006	111.416000
0.269610	0.269494	111.516000
0.269045	0.268926	111.616000
0.268688	0.268576	111.716000
0.268617	0.268496	111.816000
0.268498	0.268379	111.916000
0.267946	0.267824	112.016000
0.267356	0.267251	112.116000
0.267109	0.266994	112.216000
0.266983	0.266870	112.316000
0.266926	0.266820	112.416000
0.266344	0.266223	112.516000
0.265834	0.265726	112.616000
0.265543	0.265417	112.716000
0.265485	0.265371	112.816000
0.265270	0.265156	112.916000
0.264723	0.264607	113.016000
0.264224	0.264108	113.116000
0.264018	0.263904	113.216000
0.263906	0.263789	113.316000
0.263730	0.263612	113.416000
0.263115	0.263008	113.516000
0.262725	0.262610	113.616000
0.262474	0.262370	113.716000
0.262452	0.262340	113.816000
0.262156	0.262042	113.916000
0.261581	0.261473	114.016000
0.261135	0.261020	114.116000
0.260989	0.260888	114.216000
0.260949	0.260840	114.316000
0.260608	0.260484	114.416000
0.260003	0.259889	114.516000
0.259707	0.259600	114.616000
0.259510	0.259391	114.716000
0.259505	0.259384	114.816000
0.259053	0.258940	114.916000
0.258548	0.258437	115.016000
0.258257	0.258140	115.116000
0.258128	0.258024	115.216000
0.258010	0.257905	115.316000
0.257570	0.257450	115.416000
0.257036	0.256914	115.516000
0.256755	0.256638	115.616000
0.256629	0.256522	115.716000
0.256615	0.256493	115.816000
0.256041	0.255926	115.916000
0.255621	0.255508	116.016000
0.255357	0.255241	116.116000
0.255275	0.255161	116.216000
0.255116	0.255002	116.316000
0.254609	0.254486	116.416000
0.254158	0.254040	116.516000
0.253950	0.253845	116.616000
0.253862	0.253748	116.716000
0.253684	0.253564	116.816000
0.253124	0.253008	116.916000
0.252732	0.252618	117.016000
0.252556	0.252447	117.116000
0.252506	0.252401	117.216000
0.252246	0.252132	117.316000
0.251714	0.251596	117.416000
0.251381	0.251269	117.516000
0.251248	0.251122	117.616000
0.251124	0.251018	117.716000
0.250794	0.250675	117.816000
0.250330	0.250220	117.916000
0.250009	0.249872	118.016000
0.249881	0.249790	118.116000
0.249848	0.249718	118.216000
0.249442	0.249344	118.316000
0.248944	0.248822	118.416000
0.248680	0.248568	118.516000
0.248548	0.248422	118.616000
0.248495	0.248392	118.716000
0.248007	0.247910	118.816000
0.247616	0.247504	118.916000
0.247355	0.247241	119.016000
0.247284	0.247181	119.116000
0.247161	0.247055	119.216000
0.246741	0.246629	119.316000
0.246307	0.246186	119.416000
0.246052	0.245937	119.516000
0.245965	0.245846	119.616000
0.245887	0.245790	119.716000
0.245350	0.245243	119.816000
0.244997	0.244883	119.916000
0.244741	0.244615	120.016000
0.244751	0.244649	120.116000
0.244484	0.244384	120.216000
0.244037	0.243921	120.316000
0.243626	0.243512	120.416000
0.243521	0.243400	120.516000
0.243420	0.243313	120.616000
0.243204	0.243092	120.716000
0.242674	0.242569	120.816000
0.242402	0.242287	120.916000
0.242221	0.242103	121.016000
0.242227	0.242125	121.116000
0.241901	0.241801	121.216000
0.241438	0.241324	121.316000
0.241104	0.240987	121.416000
0.241049	0.240931	121.516000
0.241026	0.240919	121.616000
0.240688	0.240575	121.716000
0.240181	0.240073	121.816000
0.239998	0.239877	121.916000
0.239847	0.239739	122.016000
0.239762	0.239637	122.116000
0.239310	0.239214	122.216000
0.238945	0.238832	122.316000
0.238695	0.238581	122.416000
0.238607	0.238499	122.516000
0.238550	0.238444	122.616000
0.238146	0.238033	122.716000
0.237689	0.237574	122.816000
0.237505	0.237390	122.916000
0.237427	0.237323	123.016000
0.237339	0.237231	123.116000
0.236854	0.236746	123.216000
0.236499	0.236383	123.316000
0.236325	0.236209	123.416000
0.236276	0.236154	123.516000
0.236093	0.235987	123.616000
0.235682	0.235564	123.716000
0.235347	0.235231	123.816000
0.235206	0.235096	123.916000
0.235127	0.235012	124.016000
0.234923	0.234811	124.116000
0.234473	0.234357	124.216000
0.234191	0.234066	124.316000
0.234007	0.233900	124.416000
0.234008	0.233890	124.516000
0.233749	0.233639	124.616000
0.233323	0.233213	124.716000
0.233029	0.232913	124.816000
0.232867	0.232749	124.916000
0.232797	0.232692	125.016000
0.232498	0.232396	125.116000
0.232065	0.231947	125.216000
0.231789	0.231671	125.316000
0.231722	0.231604	125.416000
0.231700	0.231591	125.516000
0.231388	0.231289	125.616000
0.230998	0.230881	125.716000
0.230758	0.230655	125.816000
0.230722	0.230609	125.916000
0.230622	0.230512	126.016000
0.230168	0.230062	126.116000
0.229845	0.229726	126.216000
0.229595	0.229469	126.316000
0.229545	0.229429	126.416000
0.229411	0.229296	126.516000
0.229062	0.228943	126.616000
0.228624	0.228515	126.716000
0.228552	0.228434	126.816000
0.228436	0.228326	126.916000
0.228355	0.228242	127.016000
0.227882	0.227787	127.116000
0.227623	0.227509	127.216000
0.227430	0.227309	127.316000
0.227456	0.227353	127.416000
0.227239	0.227120	127.516000
0.226886	0.226781	127.616000
0.226497	0.226392	127.716000
0.226410	0.226300	127.816000
0.226301	0.226182	127.916000
0.226120	0.225999	128.016000
0.225700	0.225614	128.116000
0.225479	0.225371	128.216000
0.225307	0.225197	128.316000
0.225314	0.225198	128.416000
0.224966	0.224852	128.516000
0.224621	0.224520	128.616000
0.224358	0.224243	128.716000
0.224323	0.224211	128.816000
0.224247	0.224134	128.916000
0.223958	0.223849	129.016000
0.223589	0.223483	129.116000
0.223414	0.223323	129.216000
0.223338	0.223227	129.316000
0.223304	0.223194	129.416000
0.222875	0.222761	129.516000
0.222551	0.222453	129.616000
0.222352	0.222229	129.716000
0.222349	0.222235	129.816000
0.222244	0.222134	129.916000
0.221883	0.221791	130.016000
0.221541	0.221424	130.116000
0.221370	0.221265	130.216000
0.221348	0.221227	130.316000
0.221229	0.221111	130.416000
0.220806	0.220696	130.516000
0.220537	0.220430	130.616000
0.220354	0.220244	130.716000
0.220384	0.220269	130.816000
0.220176	0.220073	130.916000
0.219789	0.219680	131.016000
0.219532	0.219424	131.116000
0.219409	0.219295	131.216000
0.219334	0.219228	131.316000
0.219148	0.219039	131.416000
0.218784	0.218676	131.516000
0.218522	0.218422	131.616000
0.218400	0.218298	131.716000
0.218407	0.218289	131.816000
0.218142	0.218033	131.916000
0.217778	0.217668	132.016000
0.217538	0.217432	132.116000
0.217475	0.217354	132.216000
0.217452	0.217339	132.316000
0.217145	0.217032	132.416000
0.216778	0.216676	132.516000
0.216594	0.216485	132.616000
0.216519	0.216414	132.716000
0.216459	0.216346	132.816000
0.216155	0.216045	132.916000
0.215860	0.215754	133.016000
0.215636	0.215527	133.116000
0.215599	0.215478	133.216000
0.215525	0.215415	133.316000
0.215200	0.215093	133.416000
0.214931	0.214825	133.516000
0.214779	0.214660	133.616000
0.214702	0.214595	133.716000
0.214588	0.214457	133.816000
0.214253	0.214143	133.916000
0.213931	0.213823	134.016000
0.213805	0.213712	134.116000
0.213746	0.213625	134.216000
0.213632	0.213510	134.316000
0.213247	0.213136	134.416000
0.213002	0.212910	134.516000
0.212866	0.212752	134.616000
0.212855	0.212754	134.716000
0.212609	0.212502	134.816000
0.212290	0.212177	134.916000
0.212035	0.211936	135.016000
0.211992	0.211891	135.116000
0.211942	0.211820	135.216000
0.211759	0.211634	135.316000
0.211430	0.211326	135.416000
0.211245	0.211141	135.516000
0.211093	0.210977	135.616000
0.211066	0.210948	135.716000
0.210743	0.210630	135.816000
0.210504	0.210394	135.916000
0.210362	0.210252	136.016000
0.210254	0.210143	136.116000
0.210145	0.210039	136.216000
0.209894	0.209775	136.316000
0.209588	0.209480	136.416000
0.209460	0.209355	136.516000
0.209361	0.209264	136.616000
0.209303	0.209178	136.716000
0.208939	0.208834	136.816000
0.208706	0.208595	136.916000
0.208501	0.208398	137.016000
0.208488	0.208385	137.116000
0.208367	0.208270	137.216000
0.208089	0.207969	137.316000
0.207822	0.207706	137.416000
0.207751	0.207643	137.516000
0.207691	0.207572	137.616000
0.207565	0.207439	137.716000
0.207178	0.207071	137.816000
0.206961	0.206848	137.916000
0.206782	0.206687	138.016000
0.206796	0.206677	138.116000
0.206595	0.206488	138.216000
0.206328	0.206217	138.316000
0.206055	0.205959	138.416000
0.205999	0.205913	138.516000
0.205950	0.205854	138.616000
0.205752	0.205654	138.716000
0.205434	0.205335	138.816000
0.205292	0.205204	138.916000
0.205226	0.205130	139.016000
0.205168	0.205066	139.116000
0.204912	0.204803	139.216000
0.204670	0.204569	139.316000
0.204486	0.204369	139.416000
0.204453	0.204352	139.516000
