0.627667	2.833957	456.009000
0.624503	0.633092	456.029000
0.623960	0.624376	456.049000
0.623669	0.623935	456.069000
0.623764	0.623949	456.089000
0.623922	0.624050	456.109000
0.623845	0.623985	456.129000
0.623911	0.623997	456.149000
0.623990	0.624030	456.169000
0.623912	0.623946	456.189000
0.623957	0.623977	456.209000
0.624237	0.624242	456.229000
0.624160	0.624124	456.249000
0.623998	0.623969	456.269000
0.624128	0.624121	456.289000
0.624284	0.624244	456.309000
0.624209	0.624158	456.329000
0.624285	0.624239	456.349000
0.624342	0.624253	456.369000
0.624230	0.624100	456.389000
0.624290	0.624255	456.409000
0.624520	0.624449	456.429000
0.624377	0.624269	456.449000
0.624193	0.624121	456.469000
0.624409	0.624300	456.489000
0.624408	0.624312	456.509000
0.624339	0.624268	456.529000
0.624421	0.624328	456.549000
0.624397	0.624309	456.569000
0.624236	0.624117	456.589000
0.624413	0.624308	456.609000
0.624531	0.624440	456.629000
0.624401	0.624293	456.649000
0.624275	0.624168	456.669000
0.624453	0.624345	456.689000
0.624479	0.624379	456.709000
0.624377	0.624306	456.729000
0.624469	0.624365	456.749000
0.624457	0.624300	456.769000
0.624256	0.624147	456.789000
0.624440	0.624337	456.809000
0.624583	0.624476	456.829000
0.624365	0.624268	456.849000
0.624348	0.624247	456.869000
0.624503	0.624401	456.889000
0.624510	0.624395	456.909000
0.624451	0.624349	456.929000
0.624552	0.624442	456.949000
0.624415	0.624280	456.969000
0.624348	0.624216	456.989000
0.624533	0.624420	457.009000
0.624609	0.624508	457.029000
0.624416	0.624283	457.049000
0.624343	0.624248	457.069000
0.624458	0.624336	457.089000
0.624437	0.624335	457.109000
0.624407	0.624324	457.129000
0.624752	0.624633	457.149000
0.624760	0.624641	457.169000
0.624189	0.624043	457.189000
0.623291	0.623168	457.209000
0.622325	0.622186	457.229000
0.621076	0.620970	457.249000
0.620173	0.620040	457.269000
0.619445	0.619303	457.289000
0.618613	0.618486	457.309000
0.617940	0.617835	457.329000
0.617365	0.617230	457.349000
0.616588	0.616416	457.369000
0.615915	0.615766	457.389000
0.615613	0.615505	457.409000
0.615129	0.614998	457.429000
0.614500	0.614381	457.449000
0.614136	0.613994	457.469000
0.613861	0.613725	457.489000
0.613424	0.613297	457.509000
0.613190	0.613095	457.529000
0.612992	0.612849	457.549000
0.612506	0.612373	457.569000
0.612205	0.612054	457.589000
0.612236	0.612094	457.609000
0.611962	0.611834	457.629000
0.611542	0.611402	457.649000
0.611387	0.611240	457.669000
0.611265	0.611137	457.689000
0.611004	0.610871	457.709000
0.610942	0.610822	457.729000
0.610806	0.610657	457.749000
0.610494	0.610319	457.769000
0.610303	0.610178	457.789000
0.610455	0.610295	457.809000
0.610296	0.610159	457.829000
0.609977	0.609861	457.849000
0.609951	0.609805	457.869000
0.609841	0.609681	457.889000
0.609697	0.609568	457.909000
0.609731	0.609594	457.929000
0.609689	0.609548	457.949000
0.609396	0.609225	457.969000
0.609371	0.609230	457.989000
0.609533	0.609396	458.009000
0.609375	0.609252	458.029000
0.609175	0.609050	458.049000
0.609276	0.609130	458.069000
0.609159	0.608990	458.089000
0.609063	0.608914	458.109000
0.609202	0.609087	458.129000
0.609203	0.609059	458.149000
0.608929	0.608790	458.169000
0.608972	0.608833	458.189000
0.609122	0.608984	458.209000
0.609044	0.608920	458.229000
0.608940	0.608823	458.249000
0.609035	0.608885	458.269000
0.608925	0.608784	458.289000
0.608876	0.608731	458.309000
0.608989	0.608885	458.329000
0.608942	0.608786	458.349000
0.608695	0.608526	458.369000
0.608768	0.608608	458.389000
0.608947	0.608808	458.409000
0.608854	0.608691	458.429000
0.608783	0.608660	458.449000
0.608874	0.608713	458.469000
0.608770	0.608593	458.489000
0.608747	0.608615	458.509000
0.608924	0.608804	458.529000
0.608795	0.608644	458.549000
0.608581	0.608425	458.569000
0.608674	0.608515	458.589000
0.608816	0.608677	458.609000
0.608684	0.608539	458.629000
0.608705	0.608585	458.649000
0.608739	0.608603	458.669000
0.608712	0.608533	458.689000
0.608982	0.608830	458.709000
0.609044	0.608914	458.729000
0.608069	0.607926	458.749000
0.606870	0.606725	458.769000
0.606008	0.605897	458.789000
0.605288	0.605128	458.809000
0.604346	0.604224	458.829000
0.603627	0.603507	458.849000
0.602992	0.602821	458.869000
0.602254	0.602076	458.889000
0.601716	0.601616	458.909000
0.601399	0.601273	458.929000
0.600736	0.600582	458.949000
0.600074	0.599930	458.969000
0.599834	0.599678	458.989000
0.599443	0.599282	459.009000
0.598965	0.598840	459.029000
0.598655	0.598528	459.049000
0.598331	0.598158	459.069000
0.597857	0.597704	459.089000
0.597770	0.597625	459.109000
0.597673	0.597523	459.129000
0.597234	0.597090	459.149000
0.596866	0.596720	459.169000
0.596831	0.596659	459.189000
0.596621	0.596460	459.209000
0.596365	0.596242	459.229000
0.596262	0.596127	459.249000
0.596094	0.595939	459.269000
0.595743	0.595591	459.289000
0.595781	0.595646	459.309000
0.595824	0.595688	459.329000
0.595556	0.595417	459.349000
0.595364	0.595194	459.369000
0.595362	0.595205	459.389000
0.595258	0.595111	459.409000
0.595105	0.594973	459.429000
0.595152	0.595022	459.449000
0.595016	0.594817	459.469000
0.594789	0.594654	459.489000
0.594900	0.594757	459.509000
0.594997	0.594869	459.529000
0.594737	0.594587	459.549000
0.594636	0.594511	459.569000
0.594766	0.594574	459.589000
0.594687	0.594528	459.609000
0.594617	0.594501	459.629000
0.594708	0.594561	459.649000
0.594534	0.594345	459.669000
0.594397	0.594242	459.689000
0.594591	0.594452	459.709000
0.594654	0.594511	459.729000
0.594406	0.594283	459.749000
0.594406	0.594253	459.769000
0.594481	0.594333	459.789000
0.594430	0.594273	459.809000
0.594389	0.594286	459.829000
0.594497	0.594354	459.849000
0.594292	0.594115	459.869000
0.594202	0.594078	459.889000
0.594429	0.594303	459.909000
0.594436	0.594289	459.929000
0.594211	0.594049	459.949000
0.594232	0.594055	459.969000
0.594319	0.594130	459.989000
0.594267	0.594108	460.009000
0.594291	0.594190	460.029000
0.594372	0.594220	460.049000
0.594211	0.594038	460.069000
0.594148	0.593986	460.089000
0.594348	0.594212	460.109000
0.594301	0.594163	460.129000
0.594117	0.593972	460.149000
0.594133	0.593974	460.169000
0.594225	0.594070	460.189000
0.594141	0.594007	460.209000
0.594251	0.594124	460.229000
0.594593	0.594437	460.249000
0.594343	0.594174	460.269000
0.593635	0.593497	460.289000
0.592880	0.592749	460.309000
0.591958	0.591830	460.329000
0.591013	0.590872	460.349000
0.590336	0.590199	460.369000
0.589666	0.589517	460.389000
0.588937	0.588805	460.409000
0.588526	0.588385	460.429000
0.588041	0.587883	460.449000
0.587349	0.587151	460.469000
0.586821	0.586696	460.489000
0.586605	0.586488	460.509000
0.586146	0.585995	460.529000
0.585656	0.585495	460.549000
0.585382	0.585219	460.569000
0.584999	0.584831	460.589000
0.584648	0.584515	460.609000
0.584492	0.584375	460.629000
0.584271	0.584136	460.649000
0.583794	0.583610	460.669000
0.583630	0.583459	460.689000
0.583602	0.583442	460.709000
0.583307	0.583189	460.729000
0.583011	0.582878	460.749000
0.582920	0.582772	460.769000
0.582628	0.582466	460.789000
0.582443	0.582275	460.809000
0.582488	0.582366	460.829000
0.582373	0.582207	460.849000
0.582040	0.581868	460.869000
0.582015	0.581849	460.889000
0.582092	0.581943	460.909000
0.581915	0.581734	460.929000
0.581734	0.581580	460.949000
0.581775	0.581612	460.969000
0.581601	0.581435	460.989000
0.581486	0.581356	461.009000
0.581591	0.581478	461.029000
0.581446	0.581314	461.049000
0.581234	0.581053	461.069000
0.581272	0.581085	461.089000
0.581424	0.581275	461.109000
0.581244	0.581113	461.129000
0.581227	0.581066	461.149000
0.581253	0.581083	461.169000
0.581106	0.580937	461.189000
0.581084	0.580914	461.209000
0.581273	0.581116	461.229000
0.581083	0.580925	461.249000
0.580913	0.580746	461.269000
0.581012	0.580877	461.289000
0.581152	0.580989	461.309000
0.580954	0.580805	461.329000
0.580957	0.580799	461.349000
0.580965	0.580783	461.369000
0.580835	0.580656	461.389000
0.580797	0.580657	461.409000
0.581041	0.580904	461.429000
0.580898	0.580750	461.449000
0.580729	0.580567	461.469000
0.580847	0.580703	461.489000
0.580915	0.580742	461.509000
0.580845	0.580682	461.529000
0.580861	0.580761	461.549000
0.580858	0.580692	461.569000
0.580705	0.580518	461.589000
0.580771	0.580645	461.609000
0.580958	0.580803	461.629000
0.580754	0.580628	461.649000
0.580630	0.580474	461.669000
0.580775	0.580608	461.689000
0.580757	0.580603	461.709000
0.580692	0.580561	461.729000
0.580743	0.580604	461.749000
0.580758	0.580585	461.769000
0.580879	0.580698	461.789000
0.581090	0.580949	461.809000
0.580690	0.580527	461.829000
0.579539	0.579394	461.849000
0.578543	0.578416	461.869000
0.577966	0.577799	461.889000
0.577245	0.577116	461.909000
0.576576	0.576451	461.929000
0.576101	0.575990	461.949000
0.575509	0.575334	461.969000
0.574837	0.574664	461.989000
0.574525	0.574406	462.009000
0.574222	0.574075	462.029000
0.573622	0.573471	462.049000
0.573195	0.573043	462.069000
0.572991	0.572810	462.089000
0.572595	0.572424	462.109000
0.572251	0.572121	462.129000
0.572076	0.571959	462.149000
0.571691	0.571533	462.169000
0.571325	0.571168	462.189000
0.571258	0.571118	462.209000
0.571175	0.571030	462.229000
0.570751	0.570587	462.249000
0.570562	0.570397	462.269000
0.570520	0.570356	462.289000
0.570311	0.570178	462.309000
0.570116	0.569984	462.329000
0.570079	0.569953	462.349000
0.569804	0.569621	462.369000
0.569585	0.569442	462.389000
0.569701	0.569579	462.409000
0.569616	0.569455	462.429000
0.569317	0.569160	462.449000
0.569254	0.569082	462.469000
0.569282	0.569113	462.489000
0.569151	0.568973	462.509000
0.569126	0.569022	462.529000
0.569222	0.569090	462.549000
0.568956	0.568800	462.569000
0.568807	0.568637	462.589000
0.568956	0.568822	462.609000
0.568893	0.568754	462.629000
0.568716	0.568568	462.649000
0.568718	0.568543	462.669000
0.568769	0.568579	462.689000
0.568621	0.568460	462.709000
0.568690	0.568558	462.729000
0.568732	0.568585	462.749000
0.568527	0.568369	462.769000
0.568414	0.568264	462.789000
0.568630	0.568475	462.809000
0.568566	0.568425	462.829000
0.568370	0.568245	462.849000
0.568372	0.568227	462.869000
0.568418	0.568239	462.889000
0.568273	0.568146	462.909000
0.568383	0.568269	462.929000
0.568442	0.568299	462.949000
0.568236	0.568042	462.969000
0.568205	0.568027	462.989000
0.568409	0.568271	463.009000
0.568362	0.568213	463.029000
0.568248	0.568090	463.049000
0.568304	0.568152	463.069000
0.568266	0.568064	463.089000
0.568266	0.568136	463.109000
0.568426	0.568286	463.129000
0.568446	0.568312	463.149000
0.568219	0.568036	463.169000
0.568261	0.568127	463.189000
0.568437	0.568300	463.209000
0.568363	0.568202	463.229000
0.568264	0.568136	463.249000
0.568337	0.568187	463.269000
0.568251	0.568086	463.289000
0.568200	0.568040	463.309000
0.568593	0.568449	463.329000
0.568656	0.568499	463.349000
0.567985	0.567836	463.369000
0.567202	0.567067	463.389000
0.566569	0.566453	463.409000
0.565810	0.565660	463.429000
0.565040	0.564916	463.449000
0.564571	0.564420	463.469000
0.563934	0.563803	463.489000
0.563425	0.563281	463.509000
0.563128	0.562998	463.529000
0.562618	0.562436	463.549000
0.562037	0.561876	463.569000
0.561744	0.561614	463.589000
0.561523	0.561369	463.609000
0.561100	0.560943	463.629000
0.560744	0.560626	463.649000
0.560502	0.560342	463.669000
0.560099	0.559940	463.689000
0.559840	0.559698	463.709000
0.559826	0.559697	463.729000
0.559465	0.559326	463.749000
0.559062	0.558910	463.769000
0.558979	0.558795	463.789000
0.558967	0.558812	463.809000
0.558728	0.558594	463.829000
0.558626	0.558498	463.849000
0.558523	0.558359	463.869000
0.558272	0.558098	463.889000
0.558178	0.558013	463.909000
0.558275	0.558148	463.929000
0.558037	0.557867	463.949000
0.557773	0.557611	463.969000
0.557834	0.557695	463.989000
0.557874	0.557706	464.009000
0.557643	0.557506	464.029000
0.557565	0.557429	464.049000
0.557479	0.557290	464.069000
0.557268	0.557109	464.089000
0.557288	0.557166	464.109000
0.557456	0.557318	464.129000
0.557255	0.557089	464.149000
0.557072	0.556891	464.169000
0.557184	0.557044	464.189000
0.557178	0.557015	464.209000
0.557053	0.556921	464.229000
0.557099	0.556963	464.249000
0.557097	0.556899	464.269000
0.556915	0.556746	464.289000
0.557036	0.556902	464.309000
0.557110	0.556964	464.329000
0.556869	0.556743	464.349000
0.556751	0.556591	464.369000
0.556928	0.556765	464.389000
0.556903	0.556742	464.409000
0.556835	0.556709	464.429000
0.556924	0.556770	464.449000
0.556838	0.556652	464.469000
0.556692	0.556523	464.489000
0.556836	0.556708	464.509000
0.556902	0.556763	464.529000
0.556760	0.556585	464.549000
0.556661	0.556525	464.569000
0.556851	0.556690	464.589000
0.556813	0.556669	464.609000
0.556771	0.556651	464.629000
0.556886	0.556718	464.649000
0.556718	0.556551	464.669000
0.556619	0.556431	464.689000
0.556767	0.556603	464.709000
0.556869	0.556730	464.729000
0.556674	0.556509	464.749000
0.556627	0.556505	464.769000
0.556772	0.556594	464.789000
0.556727	0.556579	464.809000
0.556679	0.556555	464.829000
0.556791	0.556650	464.849000
0.556864	0.556719	464.869000
0.556924	0.556744	464.889000
0.556759	0.556619	464.909000
0.556049	0.555917	464.929000
0.555093	0.554952	464.949000
0.554402	0.554259	464.969000
0.553865	0.553719	464.989000
0.553247	0.553106	465.009000
0.552752	0.552628	465.029000
0.552380	0.552237	465.049000
0.551722	0.551553	465.069000
0.551181	0.551033	465.089000
0.551052	0.550931	465.109000
0.550749	0.550578	465.129000
0.550217	0.550091	465.149000
0.549921	0.549784	465.169000
0.549708	0.549530	465.189000
0.549353	0.549201	465.209000
0.549163	0.549045	465.229000
0.549071	0.548922	465.249000
0.548677	0.548497	465.269000
0.548390	0.548230	465.289000
0.548460	0.548291	465.309000
0.548171	0.548019	465.329000
0.547828	0.547693	465.349000
0.547722	0.547556	465.369000
0.547656	0.547494	465.389000
0.547435	0.547288	465.409000
0.547440	0.547319	465.429000
0.547415	0.547281	465.449000
0.547109	0.546939	465.469000
0.546976	0.546809	465.489000
0.547143	0.546992	465.509000
0.546962	0.546837	465.529000
0.546748	0.546600	465.549000
0.546763	0.546635	465.569000
0.546685	0.546521	465.589000
0.546547	0.546407	465.609000
0.546540	0.546409	465.629000
0.546548	0.546393	465.649000
0.546310	0.546125	465.669000
0.546316	0.546158	465.689000
0.546467	0.546316	465.709000
0.546365	0.546223	465.729000
0.546181	0.546022	465.749000
0.546281	0.546108	465.769000
0.546170	0.546014	465.789000
0.546109	0.545973	465.809000
0.546210	0.546069	465.829000
0.546198	0.546057	465.849000
0.545942	0.545781	465.869000
0.545959	0.545808	465.889000
0.546145	0.546001	465.909000
0.546029	0.545906	465.929000
0.545876	0.545734	465.949000
0.545999	0.545832	465.969000
0.545904	0.545731	465.989000
0.545874	0.545712	466.009000
0.546027	0.545906	466.029000
0.546004	0.545834	466.049000
0.545771	0.545617	466.069000
0.545840	0.545686	466.089000
0.545987	0.545853	466.109000
0.545890	0.545728	466.129000
0.545853	0.545722	466.149000
0.545920	0.545768	466.169000
0.545808	0.545634	466.189000
0.545766	0.545640	466.209000
0.545984	0.545867	466.229000
0.545895	0.545719	466.249000
0.545699	0.545529	466.269000
0.545814	0.545644	466.289000
0.545967	0.545805	466.309000
0.545816	0.545663	466.329000
0.545826	0.545698	466.349000
0.545864	0.545706	466.369000
0.545728	0.545563	466.389000
0.545918	0.545763	466.409000
0.546319	0.546171	466.429000
0.545974	0.545837	466.449000
0.545035	0.544874	466.469000
0.544422	0.544304	466.489000
0.543897	0.543733	466.509000
0.543211	0.543081	466.529000
0.542691	0.542587	466.549000
0.542242	0.542085	466.569000
0.541697	0.541506	466.589000
0.541314	0.541191	466.609000
0.541097	0.540939	466.629000
0.540576	0.540436	466.649000
0.540116	0.539939	466.669000
0.539954	0.539810	466.689000
0.539663	0.539509	466.709000
0.539283	0.539147	466.729000
0.539099	0.538945	466.749000
0.538897	0.538711	466.769000
0.538505	0.538360	466.789000
0.538491	0.538351	466.809000
0.538420	0.538269	466.829000
0.538048	0.537903	466.849000
0.537802	0.537641	466.869000
0.537853	0.537690	466.889000
0.537678	0.537532	466.909000
0.537436	0.537315	466.929000
0.537405	0.537264	466.949000
0.537295	0.537127	466.969000
0.536994	0.536836	466.989000
0.537031	0.536884	467.009000
0.537062	0.536927	467.029000
0.536809	0.536661	467.049000
0.536607	0.536467	467.069000
0.536709	0.536548	467.089000
0.536606	0.536437	467.109000
0.536478	0.536358	467.129000
0.536546	0.536395	467.149000
0.536387	0.536186	467.169000
0.536222	0.536061	467.189000
0.536329	0.536208	467.209000
0.536435	0.536289	467.229000
0.536203	0.536025	467.249000
0.536149	0.536007	467.269000
0.536258	0.536093	467.289000
0.536188	0.536025	467.309000
0.536130	0.535990	467.329000
0.536253	0.536093	467.349000
0.536055	0.535894	467.369000
0.535923	0.535786	467.389000
0.536085	0.535930	467.409000
0.536130	0.535986	467.429000
0.535865	0.535731	467.449000
0.535881	0.535706	467.469000
0.535994	0.535812	467.489000
0.535923	0.535746	467.509000
0.535917	0.535774	467.529000
0.536004	0.535844	467.549000
0.535832	0.535654	467.569000
0.535756	0.535601	467.589000
0.535973	0.535855	467.609000
0.535972	0.535818	467.629000
0.535795	0.535639	467.649000
0.535778	0.535633	467.669000
0.535888	0.535719	467.689000
0.535798	0.535640	467.709000
0.535835	0.535730	467.729000
0.535921	0.535750	467.749000
0.535740	0.535562	467.769000
0.535678	0.535533	467.789000
0.535947	0.535784	467.809000
0.535836	0.535717	467.829000
0.535712	0.535536	467.849000
0.535747	0.535587	467.869000
0.535807	0.535659	467.889000
0.535700	0.535574	467.909000
0.535798	0.535667	467.929000
0.535973	0.535787	467.949000
0.535985	0.535797	467.969000
0.535768	0.535601	467.989000
0.535307	0.535186	468.009000
0.534554	0.534407	468.029000
0.533802	0.533665	468.049000
0.533275	0.533145	468.069000
0.532817	0.532641	468.089000
0.532280	0.532126	468.109000
0.531962	0.531851	468.129000
0.531628	0.531464	468.149000
0.531069	0.530891	468.169000
0.530694	0.530548	468.189000
0.530618	0.530486	468.209000
0.530274	0.530121	468.229000
0.529864	0.529720	468.249000
0.529677	0.529537	468.269000
0.529399	0.529229	468.289000
0.529118	0.528975	468.309000
0.529007	0.528865	468.329000
0.528827	0.528668	468.349000
0.528415	0.528252	468.369000
0.528352	0.528198	468.389000
0.528377	0.528222	468.409000
0.528118	0.527995	468.429000
0.527872	0.527733	468.449000
0.527843	0.527692	468.469000
0.527641	0.527481	468.489000
0.527504	0.527380	468.509000
0.527552	0.527420	468.529000
0.527463	0.527310	468.549000
0.527140	0.526952	468.569000
0.527158	0.526985	468.589000
0.527234	0.527116	468.609000
0.527069	0.526898	468.629000
0.526878	0.526764	468.649000
0.526947	0.526769	468.669000
0.526792	0.526644	468.689000
0.526758	0.526607	468.709000
0.526901	0.526785	468.729000
0.526768	0.526607	468.749000
0.526540	0.526382	468.769000
0.526627	0.526470	468.789000
0.526751	0.526603	468.809000
0.526574	0.526418	468.829000
0.526503	0.526369	468.849000
0.526557	0.526402	468.869000
0.526453	0.526310	468.889000
0.526424	0.526295	468.909000
0.526641	0.526502	468.929000
0.526493	0.526332	468.949000
0.526319	0.526169	468.969000
0.526440	0.526273	468.989000
0.526542	0.526355	469.009000
0.526366	0.526237	469.029000
0.526394	0.526234	469.049000
0.526395	0.526233	469.069000
0.526263	0.526089	469.089000
0.526253	0.526139	469.109000
0.526412	0.526284	469.129000
0.526299	0.526158	469.149000
0.526155	0.526009	469.169000
0.526257	0.526115	469.189000
0.526308	0.526151	469.209000
0.526224	0.526094	469.229000
0.526255	0.526116	469.249000
0.526273	0.526109	469.269000
0.526106	0.525925	469.289000
0.526193	0.526057	469.309000
0.526384	0.526249	469.329000
0.526220	0.526092	469.349000
0.526092	0.525939	469.369000
0.526261	0.526081	469.389000
0.526263	0.526101	469.409000
0.526188	0.526067	469.429000
0.526281	0.526122	469.449000
0.526264	0.526102	469.469000
0.526168	0.525987	469.489000
0.526576	0.526458	469.509000
0.526643	0.526501	469.529000
0.525822	0.525656	469.549000
0.525042	0.524881	469.569000
0.524590	0.524430	469.589000
0.524036	0.523902	469.609000
0.523489	0.523372	469.629000
0.523136	0.523012	469.649000
0.522721	0.522525	469.669000
0.522212	0.522053	469.689000
0.522036	0.521894	469.709000
0.521811	0.521662	469.729000
0.521328	0.521170	469.749000
0.520930	0.520795	469.769000
0.520749	0.520599	469.789000
0.520450	0.520299	469.809000
0.520186	0.520039	469.829000
0.520076	0.519943	469.849000
0.519750	0.519574	469.869000
0.519488	0.519316	469.889000
0.519493	0.519341	469.909000
0.519425	0.519293	469.929000
0.519027	0.518909	469.949000
0.518917	0.518769	469.969000
0.518863	0.518716	469.989000
0.518734	0.518607	470.009000
0.518602	0.518478	470.029000
0.518620	0.518468	470.049000
0.518412	0.518231	470.069000
0.518239	0.518077	470.089000
0.518370	0.518256	470.109000
0.518338	0.518173	470.129000
0.518090	0.517923	470.149000
0.518053	0.517884	470.169000
0.518094	0.517920	470.189000
0.517968	0.517794	470.209000
0.517914	0.517797	470.229000
0.517938	0.517819	470.249000
0.517751	0.517589	470.269000
0.517633	0.517461	470.289000
0.517823	0.517712	470.309000
0.517764	0.517618	470.329000
0.517609	0.517446	470.349000
0.517600	0.517459	470.369000
0.517670	0.517501	470.389000
0.517542	0.517382	470.409000
0.517610	0.517501	470.429000
0.517660	0.517515	470.449000
0.517440	0.517278	470.469000
0.517338	0.517189	470.489000
0.517576	0.517427	470.509000
0.517517	0.517371	470.529000
0.517322	0.517166	470.549000
0.517369	0.517196	470.569000
0.517437	0.517254	470.589000
0.517312	0.517190	470.609000
0.517425	0.517265	470.629000
0.517479	0.517322	470.649000
0.517289	0.517107	470.669000
0.517254	0.517101	470.689000
0.517450	0.517300	470.709000
0.517358	0.517224	470.729000
0.517210	0.517068	470.749000
0.517308	0.517184	470.769000
0.517292	0.517092	470.789000
0.517206	0.517064	470.809000
0.517331	0.517219	470.829000
0.517378	0.517208	470.849000
0.517144	0.516988	470.869000
0.517210	0.517056	470.889000
0.517382	0.517253	470.909000
0.517303	0.517165	470.929000
0.517185	0.517035	470.949000
0.517287	0.517128	470.969000
0.517187	0.517020	470.989000
0.517153	0.516998	471.009000
0.517367	0.517244	471.029000
0.517604	0.517449	471.049000
0.517326	0.517149	471.069000
0.516830	0.516667	471.089000
0.516347	0.516203	471.109000
0.515660	0.515518	471.129000
0.515068	0.514913	471.149000
0.514703	0.514545	471.169000
0.514214	0.514084	471.189000
0.513837	0.513708	471.209000
0.513641	0.513533	471.229000
0.513273	0.513113	471.249000
0.512759	0.512589	471.269000
0.512567	0.512419	471.289000
0.512465	0.512320	471.309000
0.512081	0.511939	471.329000
0.511801	0.511695	471.349000
0.511684	0.511525	471.369000
0.511406	0.511227	471.389000
0.511203	0.511062	471.409000
0.511219	0.511068	471.429000
0.510907	0.510785	471.449000
0.510591	0.510417	471.469000
0.510548	0.510399	471.489000
0.510545	0.510415	471.509000
0.510274	0.510161	471.529000
0.510174	0.510045	471.549000
0.510112	0.509965	471.569000
0.509898	0.509742	471.589000
0.509838	0.509701	471.609000
0.509955	0.509840	471.629000
0.509775	0.509638	471.649000
0.509553	0.509401	471.669000
0.509614	0.509475	471.689000
0.509651	0.509504	471.709000
0.509458	0.509327	471.729000
0.509480	0.509342	471.749000
0.509425	0.509256	471.769000
0.509265	0.509083	471.789000
0.509283	0.509149	471.809000
0.509401	0.509278	471.829000
0.509246	0.509089	471.849000
0.509052	0.508891	471.869000
0.509217	0.509058	471.889000
0.509202	0.509033	471.909000
0.509052	0.508910	471.929000
0.509096	0.508970	471.949000
0.509093	0.508930	471.969000
0.508921	0.508758	471.989000
0.509054	0.508895	472.009000
0.509181	0.509049	472.029000
0.509017	0.508866	472.049000
0.508915	0.508752	472.069000
0.509088	0.508923	472.089000
0.508993	0.508859	472.109000
0.508898	0.508763	472.129000
0.508945	0.508806	472.149000
0.508937	0.508755	472.169000
0.508787	0.508635	472.189000
0.508907	0.508773	472.209000
0.509047	0.508899	472.229000
0.508847	0.508679	472.249000
0.508774	0.508634	472.269000
0.508935	0.508782	472.289000
0.508873	0.508728	472.309000
0.508821	0.508675	472.329000
0.508920	0.508792	472.349000
0.508764	0.508589	472.369000
0.508660	0.508523	472.389000
0.508883	0.508740	472.409000
0.508947	0.508821	472.429000
0.508747	0.508586	472.449000
0.508700	0.508575	472.469000
0.508855	0.508694	472.489000
0.508794	0.508658	472.509000
0.508798	0.508649	472.529000
0.508886	0.508749	472.549000
0.508780	0.508608	472.569000
0.508932	0.508776	472.589000
0.509125	0.508984	472.609000
0.508743	0.508594	472.629000
0.507851	0.507721	472.649000
0.507302	0.507163	472.669000
0.506911	0.506742	472.689000
0.506415	0.506253	472.709000
0.506023	0.505918	472.729000
0.505791	0.505669	472.749000
0.505337	0.505166	472.769000
0.504909	0.504768	472.789000
0.504847	0.504734	472.809000
0.504589	0.504447	472.829000
0.504152	0.504021	472.849000
0.503970	0.503799	472.869000
0.503779	0.503647	472.889000
0.503496	0.503342	472.909000
0.503388	0.503284	472.929000
0.503302	0.503152	472.949000
0.502952	0.502792	472.969000
0.502724	0.502582	472.989000
0.502842	0.502716	473.009000
0.502660	0.502554	473.029000
0.502386	0.502239	473.049000
0.502300	0.502130	473.069000
0.502277	0.502104	473.089000
0.502089	0.501949	473.109000
0.502096	0.501959	473.129000
0.502047	0.501871	473.149000
0.501806	0.501613	473.169000
0.501669	0.501514	473.189000
0.501839	0.501700	473.209000
0.501705	0.501557	473.229000
0.501479	0.501361	473.249000
0.501495	0.501394	473.269000
0.501451	0.501262	473.289000
0.501323	0.501200	473.309000
0.501385	0.501273	473.329000
0.501387	0.501238	473.349000
0.501129	0.500964	473.369000
0.501154	0.500999	473.389000
0.501298	0.501120	473.409000
0.501176	0.501007	473.429000
0.501041	0.500872	473.449000
0.501118	0.500947	473.469000
0.501049	0.500888	473.489000
0.501003	0.500856	473.509000
0.501099	0.500961	473.529000
0.501104	0.500938	473.549000
0.500883	0.500719	473.569000
0.500953	0.500811	473.589000
0.501094	0.500953	473.609000
0.500981	0.500861	473.629000
0.500914	0.500774	473.649000
0.500978	0.500852	473.669000
0.500890	0.500727	473.689000
0.500833	0.500705	473.709000
0.500984	0.500866	473.729000
0.500973	0.500803	473.749000
0.500769	0.500606	473.769000
0.500846	0.500713	473.789000
0.501053	0.500883	473.809000
0.500911	0.500754	473.829000
0.500828	0.500714	473.849000
0.500900	0.500768	473.869000
0.500824	0.500657	473.889000
0.500832	0.500691	473.909000
0.501010	0.500891	473.929000
0.500911	0.500759	473.949000
0.500712	0.500541	473.969000
0.500839	0.500680	473.989000
0.500966	0.500842	474.009000
0.500796	0.500665	474.029000
0.500810	0.500686	474.049000
0.500858	0.500699	474.069000
0.500754	0.500604	474.089000
0.500801	0.500652	474.109000
0.501233	0.501106	474.129000
0.501159	0.500995	474.149000
0.500626	0.500495	474.169000
0.500142	0.500005	474.189000
0.499700	0.499551	474.209000
0.499070	0.498969	474.229000
0.498656	0.498530	474.249000
0.498315	0.498133	474.269000
0.497857	0.497676	474.289000
0.497585	0.497455	474.309000
0.497454	0.497325	474.329000
0.497002	0.496864	474.349000
0.496624	0.496465	474.369000
0.496561	0.496411	474.389000
0.496358	0.496199	474.409000
0.496065	0.495935	474.429000
0.495915	0.495761	474.449000
0.495752	0.495575	474.469000
0.495453	0.495286	474.489000
0.495403	0.495278	474.509000
0.495335	0.495216	474.529000
0.495012	0.494878	474.549000
0.494782	0.494642	474.569000
0.494884	0.494701	474.589000
0.494717	0.494591	474.609000
0.494549	0.494412	474.629000
0.494510	0.494357	474.649000
0.494435	0.494283	474.669000
0.494198	0.494018	474.689000
0.494261	0.494088	474.709000
0.494299	0.494169	474.729000
0.494071	0.493916	474.749000
0.493895	0.493747	474.769000
0.494040	0.493893	474.789000
0.493950	0.493817	474.809000
0.493815	0.493695	474.829000
0.493840	0.493724	474.849000
0.493759	0.493576	474.869000
0.493629	0.493482	474.889000
0.493745	0.493605	474.909000
0.493845	0.493704	474.929000
0.493589	0.493420	474.949000
0.493548	0.493393	474.969000
0.493633	0.493467	474.989000
0.493541	0.493393	475.009000
0.493495	0.493337	475.029000
0.493603	0.493439	475.049000
0.493458	0.493291	475.069000
0.493347	0.493177	475.089000
0.493484	0.493373	475.109000
0.493550	0.493412	475.129000
0.493294	0.493147	475.149000
0.493309	0.493144	475.169000
0.493412	0.493266	475.189000
0.493315	0.493187	475.209000
0.493299	0.493160	475.229000
0.493399	0.493263	475.249000
0.493236	0.493061	475.269000
0.493167	0.493025	475.289000
0.493403	0.493268	475.309000
0.493419	0.493242	475.329000
0.493241	0.493102	475.349000
0.493246	0.493113	475.369000
0.493355	0.493177	475.389000
0.493264	0.493107	475.409000
0.493306	0.493207	475.429000
0.493357	0.493229	475.449000
0.493226	0.493035	475.469000
0.493157	0.493001	475.489000
0.493426	0.493279	475.509000
0.493326	0.493185	475.529000
0.493164	0.493016	475.549000
0.493255	0.493063	475.569000
0.493316	0.493134	475.589000
0.493214	0.493054	475.609000
0.493291	0.493161	475.629000
0.493371	0.493210	475.649000
0.493451	0.493295	475.669000
0.493516	0.493372	475.689000
0.493452	0.493321	475.709000
0.492751	0.492593	475.729000
0.492094	0.491935	475.749000
0.491727	0.491595	475.769000
0.491365	0.491190	475.789000
0.490872	0.490736	475.809000
0.490659	0.490521	475.829000
0.490377	0.490231	475.849000
0.489937	0.489773	475.869000
0.489632	0.489501	475.889000
0.489618	0.489497	475.909000
0.489327	0.489167	475.929000
0.489007	0.488861	475.949000
0.488879	0.488720	475.969000
0.488624	0.488456	475.989000
0.488372	0.488260	476.009000
0.488363	0.488236	476.029000
0.488216	0.488055	476.049000
0.487839	0.487702	476.069000
0.487805	0.487672	476.089000
0.487849	0.487720	476.109000
0.487640	0.487484	476.129000
0.487411	0.487279	476.149000
0.487455	0.487288	476.169000
0.487300	0.487165	476.189000
0.487196	0.487067	476.209000
0.487263	0.487144	476.229000
0.487173	0.487024	476.249000
0.486883	0.486727	476.269000
0.486908	0.486731	476.289000
0.487010	0.486848	476.309000
0.486850	0.486692	476.329000
0.486684	0.486558	476.349000
0.486763	0.486610	476.369000
0.486617	0.486443	476.389000
0.486514	0.486372	476.409000
0.486676	0.486545	476.429000
0.486554	0.486381	476.449000
0.486365	0.486206	476.469000
0.486416	0.486279	476.489000
0.486510	0.486373	476.509000
0.486350	0.486232	476.529000
0.486380	0.486232	476.549000
0.486390	0.486213	476.569000
0.486286	0.486108	476.589000
0.486280	0.486144	476.609000
0.486409	0.486289	476.629000
0.486277	0.486140	476.649000
0.486125	0.485946	476.669000
0.486241	0.486107	476.689000
0.486363	0.486209	476.709000
0.486228	0.486086	476.729000
0.486236	0.486104	476.749000
0.486261	0.486099	476.769000
0.486163	0.486005	476.789000
0.486191	0.486055	476.809000
0.486329	0.486189	476.829000
0.486197	0.486032	476.849000
0.486059	0.485878	476.869000
0.486172	0.486022	476.889000
0.486238	0.486057	476.909000
0.486115	0.485967	476.929000
0.486155	0.486033	476.949000
0.486212	0.486051	476.969000
0.486088	0.485928	476.989000
0.486168	0.486031	477.009000
0.486346	0.486221	477.029000
0.486156	0.486000	477.049000
0.485965	0.485776	477.069000
0.486116	0.485941	477.089000
0.486133	0.485988	477.109000
0.486036	0.485889	477.129000
0.486083	0.485932	477.149000
0.486113	0.485944	477.169000
0.485965	0.485818	477.189000
0.486271	0.486115	477.209000
0.486533	0.486404	477.229000
0.486135	0.485996	477.249000
0.485415	0.485255	477.269000
0.485033	0.484894	477.289000
0.484576	0.484448	477.309000
0.484102	0.484001	477.329000
0.483868	0.483734	477.349000
0.483513	0.483323	477.369000
0.483135	0.482985	477.389000
0.483061	0.482936	477.409000
0.482888	0.482754	477.429000
0.482456	0.482307	477.449000
0.482194	0.482055	477.469000
0.482092	0.481956	477.489000
0.481859	0.481712	477.509000
0.481657	0.481514	477.529000
0.481580	0.481452	477.549000
0.481303	0.481150	477.569000
0.481081	0.480925	477.589000
0.481123	0.480981	477.609000
0.481057	0.480924	477.629000
0.480701	0.480551	477.649000
0.480638	0.480489	477.669000
0.480694	0.480558	477.689000
0.480534	0.480406	477.709000
0.480398	0.480301	477.729000
0.480439	0.480277	477.749000
0.480211	0.480035	477.769000
0.480071	0.479920	477.789000
0.480207	0.480101	477.809000
0.480158	0.480020	477.829000
0.479894	0.479754	477.849000
0.479901	0.479758	477.869000
0.479982	0.479820	477.889000
0.479836	0.479708	477.909000
0.479782	0.479699	477.929000
0.479850	0.479691	477.949000
0.479616	0.479474	477.969000
0.479573	0.479422	477.989000
0.479784	0.479634	478.009000
0.479723	0.479593	478.029000
0.479542	0.479400	478.049000
0.479582	0.479419	478.069000
0.479630	0.479475	478.089000
0.479509	0.479370	478.109000
0.479564	0.479462	478.129000
0.479609	0.479466	478.149000
0.479440	0.479280	478.169000
0.479371	0.479225	478.189000
0.479583	0.479447	478.209000
0.479492	0.479372	478.229000
0.479337	0.479178	478.249000
0.479404	0.479254	478.269000
0.479478	0.479318	478.289000
0.479355	0.479224	478.309000
0.479439	0.479308	478.329000
0.479459	0.479312	478.349000
0.479277	0.479108	478.369000
0.479275	0.479115	478.389000
0.479515	0.479372	478.409000
0.479480	0.479324	478.429000
0.479332	0.479196	478.449000
0.479428	0.479283	478.469000
0.479398	0.479227	478.489000
0.479305	0.479183	478.509000
0.479429	0.479301	478.529000
0.479437	0.479289	478.549000
0.479245	0.479067	478.569000
0.479303	0.479174	478.589000
0.479474	0.479317	478.609000
0.479362	0.479221	478.629000
0.479270	0.479131	478.649000
0.479421	0.479254	478.669000
0.479356	0.479193	478.689000
0.479292	0.479163	478.709000
0.479418	0.479290	478.729000
0.479557	0.479400	478.749000
0.479509	0.479366	478.769000
0.479432	0.479284	478.789000
0.479019	0.478877	478.809000
0.478415	0.478273	478.829000
0.477855	0.477731	478.849000
0.477605	0.477435	478.869000
0.477203	0.477036	478.889000
0.476889	0.476772	478.910000
0.476766	0.476633	478.929000
0.476451	0.476260	478.949000
0.476029	0.475859	478.969000
0.475930	0.475786	478.989000
0.475860	0.475727	479.009000
0.475518	0.475369	479.029000
0.475336	0.475194	479.049000
0.475254	0.475074	479.069000
0.474988	0.474867	479.089000
0.474856	0.474720	479.109000
0.474891	0.474779	479.129000
0.474652	0.474501	479.149000
0.474358	0.474216	479.169000
0.474360	0.474197	479.189000
0.474374	0.474250	479.209000
0.474161	0.474014	479.229000
0.474089	0.473959	479.249000
0.474073	0.473911	479.269000
0.473916	0.473745	479.289000
0.473859	0.473716	479.309000
0.473942	0.473805	479.329000
0.473762	0.473571	479.349000
0.473543	0.473401	479.369000
0.473587	0.473480	479.389000
0.473655	0.473515	479.409000
0.473490	0.473339	479.429000
0.473481	0.473348	479.449000
0.473488	0.473305	479.469000
0.473307	0.473148	479.489000
0.473319	0.473207	479.509000
0.473480	0.473333	479.529000
0.473286	0.473125	479.549000
0.473111	0.472939	479.569000
0.473275	0.473136	479.589000
0.473276	0.473094	479.609000
0.473124	0.472997	479.629000
0.473145	0.473007	479.649000
0.473148	0.472989	479.669000
0.473002	0.472865	479.689000
0.473135	0.473008	479.709000
0.473233	0.473088	479.729000
0.473028	0.472881	479.749000
0.472907	0.472743	479.769000
0.473063	0.472930	479.789000
0.473036	0.472888	479.809000
0.472953	0.472822	479.829000
0.473006	0.472872	479.849000
0.473007	0.472840	479.869000
0.472865	0.472700	479.889000
0.472990	0.472875	479.909000
0.473079	0.472967	479.929000
0.472918	0.472739	479.949000
0.472819	0.472674	479.969000
0.472986	0.472826	479.990000
0.472916	0.472789	480.009000
0.472855	0.472721	480.029000
0.472967	0.472825	480.049000
0.472860	0.472700	480.069000
0.472760	0.472630	480.089000
0.472936	0.472801	480.109000
0.473026	0.472866	480.129000
0.472784	0.472623	480.149000
0.472812	0.472670	480.169000
0.472987	0.472839	480.189000
0.472899	0.472748	480.209000
0.472910	0.472777	480.229000
0.473031	0.472879	480.249000
0.472845	0.472699	480.269000
0.472862	0.472722	480.289000
0.473260	0.473128	480.309000
0.473246	0.473113	480.329000
0.472499	0.472377	480.349000
0.472031	0.471887	480.369000
0.471721	0.471559	480.389000
0.471333	0.471199	480.409000
0.470958	0.470823	480.429000
0.470766	0.470622	480.449000
0.470341	0.470176	480.469000
0.470014	0.469856	480.489000
0.469967	0.469855	480.509000
0.469737	0.469571	480.529000
0.469366	0.469239	480.549000
0.469247	0.469128	480.569000
0.469204	0.469047	480.589000
0.468928	0.468765	480.609000
0.468810	0.468699	480.629000
0.468753	0.468620	480.649000
0.468476	0.468317	480.669000
0.468294	0.468171	480.689000
0.468436	0.468300	480.709000
0.468245	0.468133	480.729000
0.467966	0.467819	480.749000
0.467955	0.467788	480.769000
0.467960	0.467762	480.789000
0.467762	0.467642	480.809000
0.467767	0.467676	480.829000
0.467741	0.467597	480.849000
0.467512	0.467335	480.869000
0.467400	0.467268	480.889000
0.467606	0.467482	480.909000
0.467478	0.467360	480.929000
0.467325	0.467174	480.949000
0.467326	0.467211	480.969000
0.467314	0.467121	480.989000
0.467197	0.467053	481.009000
0.467270	0.467142	481.029000
0.467274	0.467122	481.049000
0.467053	0.466861	481.069000
0.467052	0.466911	481.089000
0.467226	0.467090	481.109000
0.467100	0.466948	481.129000
0.466956	0.466815	481.149000
0.467056	0.466909	481.169000
0.466999	0.466846	481.189000
0.466915	0.466801	481.209000
0.467035	0.466902	481.229000
0.467045	0.466889	481.249000
0.466804	0.466658	481.269000
0.466876	0.466734	481.289000
0.467055	0.466897	481.309000
0.466926	0.466792	481.329000
0.466821	0.466688	481.349000
0.466914	0.466752	481.369000
0.466828	0.466637	481.389000
0.466792	0.466666	481.409000
0.466970	0.466854	481.429000
0.466946	0.466775	481.449000
0.466737	0.466576	481.469000
0.466829	0.466671	481.489000
0.466980	0.466839	481.509000
0.466858	0.466721	481.529000
0.466784	0.466665	481.549000
0.466869	0.466704	481.569000
0.466786	0.466620	481.589000
0.466736	0.466600	481.609000
0.466935	0.466807	481.629000
0.466827	0.466671	481.649000
0.466670	0.466511	481.669000
0.466787	0.466646	481.689000
0.466933	0.466791	481.709000
0.466773	0.466622	481.729000
0.466780	0.466660	481.749000
0.466834	0.466658	481.769000
0.466724	0.466577	481.789000
0.466737	0.466599	481.809000
0.467002	0.466854	481.829000
0.467079	0.466942	481.849000
0.466902	0.466737	481.869000
0.466532	0.466413	481.889000
0.466146	0.465983	481.909000
0.465541	0.465431	481.929000
0.465223	0.465096	481.949000
0.464958	0.464784	481.969000
0.464574	0.464403	481.989000
0.464316	0.464184	482.009000
0.464245	0.464131	482.029000
0.463869	0.463729	482.049000
0.463580	0.463424	482.069000
0.463574	0.463419	482.089000
0.463394	0.463249	482.109000
0.463155	0.463021	482.129000
0.463064	0.462902	482.149000
0.462977	0.462794	482.169000
0.462618	0.462475	482.189000
0.462607	0.462480	482.209000
0.462590	0.462456	482.229000
0.462305	0.462148	482.249000
0.462103	0.461941	482.269000
0.462218	0.462073	482.289000
0.462118	0.461992	482.309000
0.461939	0.461804	482.329000
0.461905	0.461776	482.349000
0.461885	0.461694	482.369000
0.461668	0.461541	482.389000
0.461775	0.461628	482.410000
0.461791	0.461667	482.429000
0.461570	0.461444	482.449000
0.461403	0.461276	482.469000
0.461567	0.461411	482.489000
0.461479	0.461327	482.509000
0.461385	0.461260	482.529000
0.461452	0.461339	482.549000
0.461380	0.461183	482.569000
0.461250	0.461087	482.589000
0.461408	0.461268	482.609000
0.461451	0.461331	482.629000
0.461198	0.461046	482.649000
0.461127	0.460990	482.669000
0.461256	0.461123	482.689000
0.461155	0.461013	482.709000
0.461114	0.460978	482.729000
0.461228	0.461094	482.749000
0.461090	0.460926	482.769000
0.461022	0.460859	482.789000
0.461182	0.461034	482.809000
0.461248	0.461124	482.829000
0.461037	0.460890	482.849000
0.461054	0.460888	482.869000
0.461159	0.460998	482.889000
0.461064	0.460942	482.909000
0.461050	0.460904	482.929000
0.461127	0.460964	482.949000
0.460974	0.460816	482.969000
0.460895	0.460766	482.989000
0.461108	0.460998	483.009000
0.461109	0.460974	483.029000
0.460920	0.460767	483.049000
0.460939	0.460789	483.069000
0.461008	0.460865	483.089000
0.460935	0.460768	483.109000
0.460976	0.460869	483.129000
0.461070	0.460892	483.149000
0.460902	0.460733	483.169000
0.460840	0.460686	483.189000
0.461066	0.460923	483.209000
0.460979	0.460849	483.229000
0.460850	0.460695	483.249000
0.460909	0.460752	483.269000
0.460977	0.460818	483.289000
0.460854	0.460717	483.309000
0.460956	0.460831	483.329000
0.461010	0.460867	483.349000
0.460949	0.460783	483.369000
0.461157	0.461031	483.389000
0.461370	0.461249	483.409000
0.460830	0.460701	483.429000
0.460231	0.460106	483.449000
0.459914	0.459797	483.469000
0.459620	0.459454	483.489000
0.459192	0.459074	483.509000
0.459046	0.458920	483.529000
0.458837	0.458696	483.549000
0.458410	0.458262	483.569000
0.458190	0.458054	483.589000
0.458212	0.458083	483.609000
0.457929	0.457793	483.629000
0.457647	0.457484	483.649000
0.457579	0.457420	483.669000
0.457375	0.457191	483.689000
0.457181	0.457020	483.709000
0.457168	0.457060	483.729000
0.457083	0.456923	483.749000
0.456756	0.456582	483.769000
0.456719	0.456596	483.789000
0.456794	0.456686	483.809000
0.456630	0.456496	483.829000
0.456427	0.456296	483.849000
0.456486	0.456329	483.869000
0.456327	0.456150	483.889000
0.456195	0.456054	483.909000
0.456261	0.456125	483.929000
0.456189	0.456006	483.949000
0.455910	0.455760	483.969000
0.455943	0.455795	483.989000
0.456068	0.455925	484.009000
0.455902	0.455758	484.029000
0.455756	0.455644	484.049000
0.455841	0.455671	484.069000
0.455747	0.455603	484.089000
0.455712	0.455572	484.109000
0.455804	0.455691	484.129000
0.455689	0.455515	484.149000
0.455536	0.455356	484.169000
0.455625	0.455494	484.189000
0.455706	0.455584	484.209000
0.455549	0.455419	484.229000
0.455574	0.455437	484.249000
0.455611	0.455468	484.269000
0.455523	0.455371	484.289000
0.455530	0.455388	484.309000
0.455692	0.455541	484.329000
0.455511	0.455356	484.349000
0.455364	0.455207	484.369000
0.455508	0.455382	484.389000
0.455643	0.455486	484.409000
0.455473	0.455354	484.429000
0.455521	0.455365	484.449000
0.455532	0.455385	484.469000
0.455397	0.455251	484.489000
0.455463	0.455327	484.509000
0.455567	0.455439	484.529000
0.455392	0.455248	484.549000
0.455281	0.455104	484.569000
0.455457	0.455332	484.589000
0.455492	0.455319	484.609000
0.455375	0.455236	484.629000
0.455402	0.455270	484.650000
0.455462	0.455305	484.669000
0.455292	0.455128	484.689000
0.455356	0.455242	484.709000
0.455517	0.455379	484.729000
0.455365	0.455184	484.749000
0.455240	0.455088	484.769000
0.455438	0.455283	484.789000
0.455422	0.455281	484.809000
0.455309	0.455192	484.829000
0.455403	0.455245	484.849000
0.455415	0.455254	484.869000
0.455246	0.455106	484.889000
0.455413	0.455294	484.909000
0.455744	0.455630	484.929000
0.455622	0.455472	484.949000
0.455175	0.455017	484.969000
0.454834	0.454687	484.989000
0.454399	0.454264	485.009000
0.454006	0.453864	485.029000
0.453757	0.453626	485.049000
0.453480	0.453296	485.069000
0.453120	0.452982	485.089000
0.453048	0.452927	485.109000
0.452941	0.452819	485.129000
0.452589	0.452409	485.149000
0.452365	0.452224	485.169000
0.452385	0.452215	485.189000
0.452172	0.452014	485.209000
0.451938	0.451804	485.229000
0.451937	0.451785	485.249000
0.451622	0.451465	485.269000
0.451454	0.451317	485.289000
0.451544	0.451398	485.309000
0.451495	0.451346	485.329000
0.451186	0.451017	485.349000
0.451140	0.451001	485.369000
0.451229	0.451078	485.389000
0.451085	0.450961	485.409000
0.450966	0.450834	485.429000
0.450987	0.450852	485.449000
0.450851	0.450667	485.469000
0.450722	0.450570	485.489000
0.450835	0.450731	485.509000
0.450831	0.450665	485.529000
0.450558	0.450416	485.549000
0.450534	0.450406	485.569000
0.450633	0.450480	485.589000
0.450522	0.450361	485.609000
0.450500	0.450380	485.629000
0.450566	0.450400	485.649000
0.450384	0.450203	485.669000
0.450325	0.450169	485.689000
0.450552	0.450435	485.709000
0.450439	0.450311	485.729000
0.450294	0.450141	485.749000
0.450351	0.450196	485.769000
0.450482	0.450326	485.789000
0.450342	0.450201	485.809000
0.450367	0.450263	485.829000
0.450427	0.450269	485.849000
0.450252	0.450094	485.869000
0.450167	0.450032	485.889000
0.450393	0.450261	485.909000
0.450303	0.450156	485.929000
0.450105	0.449976	485.949000
0.450201	0.450054	485.969000
0.450273	0.450129	485.989000
0.450144	0.450027	486.009000
0.450221	0.450093	486.029000
0.450291	0.450132	486.049000
0.450130	0.449962	486.069000
0.450066	0.449928	486.089000
0.450261	0.450149	486.109000
0.450153	0.450022	486.129000
0.450049	0.449876	486.149000
0.450142	0.449987	486.169000
0.450143	0.449968	486.189000
0.450092	0.449973	486.209000
0.450196	0.450074	486.229000
0.450206	0.450050	486.249000
0.450006	0.449835	486.269000
0.450066	0.449937	486.289000
0.450251	0.450111	486.309000
0.450122	0.450002	486.329000
0.450008	0.449883	486.349000
0.450149	0.450012	486.369000
0.450060	0.449922	486.389000
0.450013	0.449874	486.409000
0.450135	0.450016	486.429000
0.450095	0.449950	486.449000
0.450098	0.449961	486.469000
0.450335	0.450166	486.489000
0.450202	0.450073	486.509000
0.449559	0.449442	486.529000
0.449066	0.448915	486.549000
0.448836	0.448685	486.569000
0.448462	0.448315	486.589000
0.448187	0.448069	486.609000
0.448124	0.448019	486.629000
0.447837	0.447639	486.649000
0.447483	0.447336	486.669000
0.447441	0.447320	486.689000
0.447400	0.447282	486.709000
0.447125	0.446976	486.729000
0.446943	0.446811	486.749000
0.446912	0.446760	486.769000
0.446699	0.446560	486.789000
0.446589	0.446454	486.809000
0.446666	0.446538	486.829000
0.446443	0.446282	486.849000
0.446216	0.446076	486.869000
0.446242	0.446079	486.889000
0.446224	0.446079	486.909000
0.446010	0.445878	486.929000
0.445987	0.445836	486.949000
0.445943	0.445768	486.969000
0.445789	0.445631	486.989000
0.445737	0.445606	487.009000
0.445891	0.445725	487.029000
0.445686	0.445530	487.049000
0.445506	0.445364	487.069000
0.445636	0.445511	487.089000
0.445678	0.445527	487.109000
0.445505	0.445394	487.129000
0.445498	0.445359	487.149000
0.445531	0.445383	487.169000
0.445398	0.445215	487.189000
0.445417	0.445315	487.209000
0.445550	0.445433	487.229000
0.445363	0.445229	487.249000
0.445232	0.445091	487.269000
0.445403	0.445273	487.289000
0.445370	0.445257	487.309000
0.445276	0.445149	487.329000
0.445315	0.445171	487.349000
0.445283	0.445111	487.369000
0.445103	0.444960	487.389000
0.445241	0.445122	487.409000
0.445321	0.445191	487.429000
0.445139	0.444970	487.449000
0.445045	0.444887	487.469000
0.445229	0.445089	487.489000
0.445210	0.445076	487.509000
0.445092	0.444976	487.529000
0.445178	0.445040	487.549000
0.445118	0.444952	487.569000
0.444998	0.444836	487.589000
0.445117	0.445008	487.609000
0.445205	0.445066	487.629000
0.445015	0.444845	487.649000
0.444948	0.444808	487.669000
0.445140	0.444997	487.689000
0.445093	0.444965	487.709000
0.444991	0.444854	487.729000
0.445119	0.444970	487.749000
0.445021	0.444829	487.769000
0.444912	0.444770	487.789000
0.445127	0.445009	487.809000
0.445175	0.445039	487.829000
0.444963	0.444800	487.849000
0.444986	0.444850	487.869000
0.445127	0.445002	487.889000
0.445047	0.444909	487.909000
0.444974	0.444858	487.929000
0.445118	0.444976	487.949000
0.444945	0.444820	487.969000
0.444887	0.444746	487.989000
0.445219	0.445089	488.009000
0.445432	0.445282	488.029000
0.445001	0.444865	488.049000
0.444555	0.444379	488.069000
0.444236	0.444073	488.089000
0.443832	0.443702	488.109000
0.443515	0.443410	488.129000
0.443399	0.443260	488.149000
0.443036	0.442914	488.169000
0.442769	0.442639	488.189000
0.442801	0.442700	488.209000
0.442618	0.442470	488.229000
0.442288	0.442151	488.249000
0.442172	0.442027	488.269000
0.442121	0.441968	488.289000
0.441924	0.441764	488.309000
0.441869	0.441757	488.329000
0.441823	0.441652	488.349000
0.441578	0.441394	488.369000
0.441452	0.441315	488.389000
0.441604	0.441479	488.409000
0.441431	0.441288	488.429000
0.441193	0.441040	488.449000
0.441162	0.441022	488.469000
0.441203	0.441028	488.489000
0.441038	0.440906	488.509000
0.441063	0.440934	488.529000
0.441064	0.440890	488.549000
0.440846	0.440689	488.569000
0.440784	0.440651	488.589000
0.440969	0.440823	488.609000
0.440824	0.440677	488.629000
0.440625	0.440488	488.649000
0.440692	0.440551	488.669000
0.440682	0.440501	488.689000
0.440587	0.440457	488.709000
0.440650	0.440521	488.729000
0.440625	0.440473	488.749000
0.440436	0.440264	488.769000
0.440486	0.440366	488.789000
0.440660	0.440514	488.809000
0.440497	0.440389	488.829000
0.440388	0.440240	488.849000
0.440493	0.440344	488.869000
0.440421	0.440283	488.889000
0.440377	0.440247	488.909000
0.440433	0.440320	488.929000
0.440460	0.440274	488.949000
0.440256	0.440094	488.969000
0.440339	0.440201	488.989000
0.440471	0.440355	489.009000
0.440362	0.440224	489.029000
0.440271	0.440120	489.049000
0.440367	0.440215	489.069000
0.440279	0.440125	489.089000
0.440223	0.440101	489.109000
0.440369	0.440245	489.129000
0.440360	0.440202	489.149000
0.440171	0.440009	489.169000
0.440270	0.440132	489.189000
0.440443	0.440289	489.209000
0.440297	0.440165	489.229000
0.440233	0.440105	489.249000
0.440365	0.440200	489.269000
0.440279	0.440135	489.289000
0.440280	0.440136	489.309000
0.440397	0.440289	489.329000
0.440280	0.440131	489.349000
0.440131	0.439952	489.369000
0.440236	0.440096	489.389000
0.440358	0.440235	489.409000
0.440200	0.440041	489.429000
0.440214	0.440080	489.449000
0.440281	0.440115	489.469000
0.440188	0.440044	489.489000
0.440187	0.440068	489.509000
0.440361	0.440224	489.529000
0.440355	0.440208	489.549000
0.440390	0.440225	489.569000
0.440415	0.440277	489.589000
0.439998	0.439852	489.609000
0.439432	0.439302	489.629000
0.439112	0.438982	489.649000
0.438895	0.438737	489.669000
0.438550	0.438409	489.689000
0.438364	0.438276	489.709000
0.438309	0.438183	489.729000
0.437958	0.437813	489.749000
0.437741	0.437601	489.769000
0.437812	0.437688	489.789000
0.437663	0.437520	489.809000
0.437436	0.437307	489.829000
0.437362	0.437208	489.849000
0.437282	0.437111	489.869000
0.437038	0.436902	489.889000
0.437050	0.436960	489.909000
0.437087	0.436967	489.929000
0.436796	0.436635	489.949000
0.436651	0.436478	489.969000
0.436800	0.436683	489.989000
0.436699	0.436568	490.009000
0.436543	0.436415	490.029000
0.436558	0.436393	490.049000
0.436512	0.436341	490.069000
0.436338	0.436191	490.089000
0.436442	0.436309	490.109000
0.436456	0.436335	490.129000
0.436284	0.436124	490.149000
0.436152	0.436002	490.169000
0.436286	0.436137	490.189000
0.436202	0.436077	490.209000
0.436134	0.435981	490.229000
0.436172	0.436056	490.249000
0.436045	0.435875	490.269000
0.435944	0.435786	490.289000
0.436092	0.435997	490.309000
0.436141	0.435992	490.329000
0.435921	0.435782	490.349000
0.435842	0.435721	490.369000
0.435972	0.435829	490.389000
0.435924	0.435775	490.409000
0.435847	0.435730	490.429000
0.435917	0.435777	490.449000
0.435792	0.435626	490.469000
0.435728	0.435598	490.489000
0.435885	0.435761	490.509000
0.435936	0.435833	490.529000
0.435699	0.435572	490.549000
0.435762	0.435605	490.569000
0.435869	0.435709	490.589000
0.435824	0.435699	490.609000
0.435781	0.435679	490.629000
0.435891	0.435729	490.649000
0.435725	0.435573	490.669000
0.435663	0.435538	490.689000
0.435891	0.435780	490.709000
0.435851	0.435697	490.729000
0.435671	0.435522	490.749000
0.435712	0.435565	490.769000
0.435785	0.435636	490.789000
0.435707	0.435559	490.809000
0.435753	0.435632	490.829000
0.435843	0.435680	490.849000
0.435660	0.435514	490.869000
0.435621	0.435487	490.889000
0.435834	0.435718	490.909000
0.435732	0.435599	490.929000
0.435598	0.435448	490.949000
0.435668	0.435514	490.969000
0.435755	0.435610	490.989000
0.435690	0.435538	491.009000
0.435754	0.435614	491.029000
0.435771	0.435620	491.049000
0.435613	0.435457	491.069000
0.435704	0.435566	491.089000
0.436121	0.435982	491.109000
0.435934	0.435771	491.129000
0.435285	0.435131	491.149000
0.434970	0.434848	491.169000
0.434686	0.434522	491.189000
0.434299	0.434179	491.209000
0.434164	0.434047	491.229000
0.433969	0.433837	491.249000
0.433645	0.433476	491.269000
0.433486	0.433365	491.289000
0.433530	0.433429	491.309000
0.433285	0.433122	491.329000
0.433067	0.432914	491.349000
0.433065	0.432916	491.369000
0.432885	0.432729	491.389000
0.432742	0.432595	491.409000
0.432773	0.432633	491.429000
0.432629	0.432488	491.449000
0.432347	0.432198	491.469000
0.432376	0.432264	491.489000
0.432469	0.432327	491.509000
0.432289	0.432135	491.529000
0.432134	0.431993	491.549000
0.432231	0.432068	491.569000
0.432095	0.431942	491.589000
0.431980	0.431861	491.609000
0.432077	0.431961	491.629000
0.431995	0.431840	491.649000
0.431735	0.431602	491.669000
0.431802	0.431676	491.689000
0.431928	0.431795	491.709000
0.431773	0.431626	491.729000
0.431633	0.431506	491.749000
0.431736	0.431576	491.769000
0.431652	0.431499	491.789000
0.431608	0.431482	491.809000
0.431741	0.431649	491.829000
0.431631	0.431464	491.849000
0.431457	0.431321	491.869000
0.431596	0.431462	491.889000
0.431697	0.431534	491.909000
0.431510	0.431356	491.929000
0.431500	0.431363	491.949000
0.431582	0.431407	491.969000
0.431446	0.431286	491.989000
0.431425	0.431296	492.009000
0.431569	0.431426	492.029000
0.431421	0.431289	492.049000
0.431306	0.431139	492.069000
0.431470	0.431328	492.089000
0.431527	0.431417	492.109000
0.431354	0.431220	492.129000
0.431408	0.431262	492.149000
0.431427	0.431251	492.169000
0.431346	0.431182	492.189000
0.431340	0.431234	492.209000
0.431463	0.431333	492.229000
0.431299	0.431130	492.249000
0.431212	0.431056	492.269000
0.431429	0.431306	492.289000
0.431405	0.431271	492.309000
0.431308	0.431183	492.329000
0.431395	0.431233	492.349000
0.431461	0.431292	492.369000
0.431338	0.431152	492.389000
0.431389	0.431291	492.409000
0.431507	0.431369	492.429000
0.431340	0.431189	492.449000
0.431254	0.431114	492.469000
0.431465	0.431319	492.489000
0.431419	0.431287	492.509000
0.431290	0.431174	492.529000
0.431358	0.431207	492.549000
0.431390	0.431233	492.569000
0.431231	0.431081	492.589000
0.431385	0.431267	492.609000
0.431572	0.431415	492.629000
0.431590	0.431433	492.649000
0.431454	0.431307	492.669000
0.431207	0.431072	492.689000
0.430725	0.430590	492.709000
0.430321	0.430190	492.729000
0.430095	0.429951	492.749000
0.429836	0.429659	492.769000
0.429514	0.429371	492.789000
0.429470	0.429351	492.809000
0.429388	0.429247	492.829000
0.429025	0.428866	492.849000
0.428871	0.428729	492.869000
0.428932	0.428780	492.889000
0.428749	0.428609	492.909000
0.428611	0.428452	492.929000
0.428607	0.428469	492.949000
0.428414	0.428258	492.969000
0.428303	0.428126	492.989000
0.428383	0.428292	493.009000
0.428323	0.428203	493.029000
0.428045	0.427915	493.049000
0.428024	0.427869	493.069000
0.428084	0.427928	493.089000
0.427964	0.427847	493.109000
0.427842	0.427717	493.129000
0.427888	0.427737	493.149000
0.427730	0.427554	493.169000
0.427630	0.427499	493.189000
0.427804	0.427685	493.209000
0.427741	0.427593	493.229000
0.427532	0.427380	493.249000
0.427571	0.427435	493.269000
0.427657	0.427488	493.289000
0.427529	0.427376	493.309000
0.427484	0.427397	493.329000
0.427527	0.427376	493.349000
0.427371	0.427211	493.369000
0.427315	0.427162	493.389000
0.427526	0.427415	493.409000
0.427425	0.427270	493.429000
0.427234	0.427090	493.449000
0.427341	0.427173	493.469000
0.427403	0.427237	493.489000
0.427316	0.427136	493.509000
0.427371	0.427220	493.529000
0.427401	0.427245	493.549000
0.427194	0.427038	493.569000
0.427172	0.427037	493.589000
0.427379	0.427251	493.609000
0.427276	0.427151	493.629000
0.427141	0.426993	493.649000
0.427238	0.427106	493.669000
0.427310	0.427143	493.689000
0.427191	0.427039	493.709000
0.427241	0.427132	493.729000
0.427287	0.427129	493.749000
0.427100	0.426910	493.769000
0.427105	0.426957	493.789000
0.427311	0.427179	493.809000
0.427205	0.427059	493.829000
0.427067	0.426911	493.849000
0.427203	0.427053	493.869000
0.427196	0.427032	493.889000
0.427120	0.427005	493.909000
0.427213	0.427072	493.929000
0.427227	0.427090	493.949000
0.427084	0.426923	493.969000
0.427144	0.427036	493.989000
0.427309	0.427182	494.009000
0.427166	0.427022	494.029000
0.427042	0.426900	494.049000
0.427177	0.427015	494.069000
0.427137	0.426983	494.089000
0.427099	0.426966	494.109000
0.427227	0.427097	494.129000
0.427206	0.427037	494.149000
0.427075	0.426929	494.169000
0.427397	0.427287	494.189000
0.427545	0.427430	494.209000
0.426994	0.426867	494.229000
0.426481	0.426348	494.249000
0.426250	0.426082	494.269000
0.425897	0.425751	494.289000
0.425616	0.425497	494.309000
0.425581	0.425459	494.329000
0.425321	0.425137	494.349000
0.425045	0.424878	494.369000
0.425058	0.424901	494.389000
0.424992	0.424861	494.409000
0.424730	0.424596	494.429000
0.424634	0.424492	494.449000
0.424637	0.424481	494.469000
0.424482	0.424307	494.489000
0.424354	0.424240	494.509000
0.424446	0.424306	494.529000
0.424224	0.424096	494.549000
0.424040	0.423892	494.569000
0.424156	0.423992	494.589000
0.424155	0.424021	494.609000
0.423943	0.423825	494.629000
0.423932	0.423768	494.649000
0.423918	0.423771	494.669000
0.423798	0.423640	494.689000
0.423787	0.423638	494.709000
0.423892	0.423781	494.729000
0.423689	0.423536	494.749000
0.423536	0.423386	494.769000
0.423674	0.423572	494.789000
0.423714	0.423576	494.809000
0.423519	0.423401	494.829000
0.423539	0.423400	494.849000
0.423533	0.423393	494.869000
0.423458	0.423297	494.889000
0.423496	0.423385	494.909000
0.423627	0.423484	494.929000
0.423446	0.423289	494.949000
0.423315	0.423155	494.969000
0.423536	0.423379	494.989000
0.423491	0.423341	495.009000
0.423364	0.423215	495.029000
0.423428	0.423265	495.049000
0.423450	0.423285	495.069000
0.423303	0.423152	495.089000
0.423396	0.423285	495.109000
0.423479	0.423341	495.129000
0.423288	0.423137	495.149000
0.423215	0.423047	495.169000
0.423416	0.423279	495.189000
0.423345	0.423214	495.209000
0.423236	0.423128	495.229000
0.423323	0.423189	495.249000
0.423329	0.423135	495.269000
0.423223	0.423079	495.289000
0.423375	0.423249	495.309000
0.423416	0.423288	495.329000
0.423224	0.423065	495.349000
0.423196	0.423070	495.369000
0.423383	0.423239	495.389000
0.423281	0.423168	495.409000
0.423217	0.423071	495.429000
0.423330	0.423164	495.449000
0.423204	0.423052	495.469000
0.423137	0.423018	495.489000
0.423283	0.423152	495.509000
0.423308	0.423184	495.529000
0.423074	0.422912	495.549000
0.423147	0.422992	495.569000
0.423309	0.423136	495.589000
0.423187	0.423037	495.609000
0.423128	0.422981	495.629000
0.423238	0.423079	495.649000
0.423142	0.422976	495.669000
0.423032	0.422877	495.689000
0.423230	0.423109	495.709000
0.423499	0.423359	495.729000
0.423335	0.423190	495.749000
0.423098	0.422951	495.769000
0.422736	0.422594	495.789000
0.422292	0.422157	495.809000
0.421950	0.421842	495.829000
0.421817	0.421675	495.849000
0.421516	0.421327	495.869000
0.421326	0.421164	495.889000
0.421360	0.421267	495.909000
0.421206	0.421050	495.929000
0.420882	0.420723	495.949000
0.420851	0.420712	495.969000
0.420873	0.420712	495.989000
0.420643	0.420497	496.009000
0.420617	0.420517	496.029000
0.420624	0.420455	496.049000
0.420370	0.420224	496.069000
0.420287	0.420156	496.089000
0.420437	0.420312	496.109000
0.420296	0.420165	496.129000
0.420093	0.419935	496.149000
0.420108	0.419965	496.169000
0.420165	0.420018	496.189000
0.419976	0.419846	496.209000
0.420027	0.419881	496.229000
0.420013	0.419857	496.249000
0.419827	0.419687	496.269000
0.419817	0.419682	496.289000
0.419986	0.419871	496.309000
0.419834	0.419693	496.329000
0.419664	0.419527	496.349000
0.419790	0.419630	496.369000
0.419795	0.419622	496.389000
0.419681	0.419568	496.409000
0.419750	0.419630	496.429000
0.419770	0.419620	496.449000
0.419587	0.419438	496.469000
0.419679	0.419561	496.489000
0.419834	0.419697	496.509000
0.419661	0.419541	496.529000
0.419551	0.419408	496.549000
0.419685	0.419528	496.569000
0.419622	0.419480	496.589000
0.419547	0.419428	496.609000
0.419583	0.419463	496.629000
0.419596	0.419414	496.649000
0.419416	0.419281	496.669000
0.419555	0.419438	496.689000
0.419679	0.419571	496.709000
0.419525	0.419381	496.729000
0.419461	0.419304	496.749000
0.419583	0.419420	496.769000
0.419507	0.419369	496.789000
0.419449	0.419321	496.809000
0.419538	0.419416	496.829000
0.419501	0.419331	496.849000
0.419326	0.419180	496.869000
0.419459	0.419344	496.889000
0.419650	0.419517	496.909000
0.419488	0.419341	496.929000
0.419432	0.419307	496.949000
0.419529	0.419382	496.969000
0.419456	0.419316	496.989000
0.419425	0.419299	497.009000
0.419554	0.419435	497.029000
0.419454	0.419290	497.049000
0.419366	0.419185	497.069000
0.419511	0.419389	497.089000
0.419645	0.419498	497.109000
0.419414	0.419267	497.129000
0.419440	0.419277	497.149000
0.419524	0.419358	497.169000
0.419483	0.419327	497.189000
0.419468	0.419363	497.209000
0.419620	0.419480	497.229000
0.419436	0.419300	497.249000
0.419565	0.419417	497.269000
0.419751	0.419642	497.289000
0.419601	0.419434	497.309000
0.418926	0.418814	497.329000
0.418615	0.418471	497.349000
0.418343	0.418194	497.369000
0.417993	0.417838	497.389000
0.417811	0.417716	497.409000
0.417790	0.417643	497.429000
0.417466	0.417310	497.449000
0.417245	0.417102	497.469000
0.417349	0.417223	497.489000
0.417202	0.417072	497.509000
0.417007	0.416876	497.529000
0.416987	0.416842	497.549000
0.416926	0.416789	497.569000
0.416749	0.416599	497.589000
0.416813	0.416683	497.609000
0.416804	0.416653	497.629000
0.416583	0.416422	497.649000
0.416462	0.416305	497.669000
0.416633	0.416489	497.689000
0.416525	0.416382	497.709000
0.416391	0.416243	497.729000
0.416401	0.416266	497.749000
0.416401	0.416228	497.769000
0.416270	0.416134	497.789000
0.416354	0.416230	497.809000
0.416367	0.416246	497.829000
0.416185	0.415997	497.849000
0.416120	0.415998	497.869000
0.416279	0.416140	497.889000
0.416162	0.416041	497.909000
0.416059	0.415946	497.929000
0.416130	0.416010	497.949000
0.416100	0.415924	497.969000
0.415988	0.415817	497.989000
0.416143	0.416012	498.009000
0.416160	0.416042	498.029000
0.416031	0.415833	498.049000
0.416032	0.415913	498.069000
0.416177	0.416073	498.089000
0.416105	0.415994	498.109000
0.416024	0.415884	498.129000
0.416118	0.415987	498.149000
0.415998	0.415847	498.169000
0.415972	0.415818	498.189000
0.416131	0.416001	498.209000
0.416121	0.415965	498.229000
0.415863	0.415728	498.249000
0.415936	0.415770	498.269000
0.416091	0.415939	498.289000
0.415975	0.415851	498.309000
0.415899	0.415786	498.329000
0.416031	0.415869	498.349000
0.415887	0.415705	498.369000
0.415860	0.415715	498.389000
0.416013	0.415924	498.409000
0.415946	0.415800	498.429000
0.415787	0.415645	498.449000
0.415847	0.415721	498.469000
0.415955	0.415805	498.489000
0.415861	0.415725	498.509000
0.415896	0.415764	498.529000
0.415944	0.415799	498.549000
0.415807	0.415627	498.569000
0.415773	0.415638	498.589000
0.415995	0.415868	498.609000
0.415871	0.415740	498.629000
0.415766	0.415602	498.649000
0.415878	0.415739	498.669000
0.416000	0.415846	498.689000
0.415862	0.415738	498.709000
0.415896	0.415733	498.729000
0.415921	0.415772	498.749000
0.415801	0.415638	498.769000
0.415851	0.415702	498.789000
0.416199	0.416082	498.809000
0.416159	0.416027	498.829000
0.415808	0.415639	498.849000
0.415462	0.415353	498.869000
0.415118	0.414948	498.889000
0.414703	0.414579	498.909000
0.414510	0.414372	498.929000
0.414308	0.414165	498.949000
0.414003	0.413825	498.969000
0.413955	0.413840	498.989000
0.413987	0.413871	499.009000
0.413775	0.413626	499.029000
0.413530	0.413383	499.049000
0.413560	0.413431	499.069000
0.413502	0.413336	499.089000
0.413396	0.413258	499.109000
0.413436	0.413302	499.129000
0.413369	0.413198	499.149000
0.413122	0.412961	499.169000
0.413225	0.413073	499.189000
0.413283	0.413158	499.209000
0.413099	0.412957	499.229000
0.412946	0.412786	499.249000
0.413068	0.412923	499.269000
0.413029	0.412881	499.289000
0.412964	0.412823	499.309000
0.413025	0.412903	499.329000
0.412974	0.412812	499.349000
0.412757	0.412606	499.369000
0.412901	0.412761	499.389000
0.412997	0.412867	499.409000
0.412828	0.412678	499.429000
0.412731	0.412591	499.449000
0.412862	0.412711	499.469000
0.412802	0.412647	499.489000
0.412727	0.412618	499.509000
0.412831	0.412714	499.529000
0.412701	0.412538	499.549000
0.412577	0.412425	499.569000
0.412752	0.412626	499.589000
0.412836	0.412695	499.609000
0.412671	0.412526	499.629000
0.412651	0.412506	499.649000
0.412746	0.412597	499.669000
0.412626	0.412504	499.689000
0.412639	0.412525	499.709000
0.412767	0.412641	499.729000
0.412617	0.412475	499.749000
0.412527	0.412386	499.769000
0.412702	0.412564	499.789000
0.412795	0.412633	499.809000
0.412579	0.412438	499.829000
0.412640	0.412481	499.849000
0.412678	0.412535	499.869000
0.412643	0.412486	499.889000
0.412644	0.412532	499.909000
0.412770	0.412612	499.929000
0.412588	0.412431	499.949000
0.412535	0.412378	499.969000
0.412737	0.412617	499.989000
0.412696	0.412552	500.009000
0.412521	0.412399	500.029000
0.412608	0.412472	500.049000
0.412687	0.412521	500.069000
0.412581	0.412416	500.089000
0.412656	0.412556	500.109000
0.412721	0.412587	500.129000
0.412567	0.412406	500.149000
0.412518	0.412350	500.169000
0.412692	0.412565	500.189000
0.412653	0.412529	500.209000
0.412500	0.412389	500.229000
0.412552	0.412399	500.249000
0.412620	0.412465	500.269000
0.412482	0.412346	500.289000
0.412615	0.412489	500.309000
0.412663	0.412530	500.329000
0.412637	0.412483	500.349000
0.412735	0.412581	500.369000
0.412781	0.412673	500.389000
0.412239	0.412108	500.409000
0.411673	0.411531	500.429000
0.411365	0.411259	500.449000
0.411080	0.410900	500.469000
0.410775	0.410625	500.489000
0.410739	0.410595	500.509000
0.410639	0.410499	500.529000
0.410330	0.410149	500.549000
0.410206	0.410103	500.569000
0.410324	0.410185	500.589000
0.410180	0.410032	500.609000
0.410009	0.409886	500.629000
0.410066	0.409912	500.649000
0.409918	0.409769	500.669000
0.409831	0.409691	500.689000
0.409904	0.409774	500.709000
0.409888	0.409720	500.729000
0.409655	0.409503	500.749000
0.409719	0.409587	500.769000
0.409854	0.409697	500.789000
0.409744	0.409617	500.809000
0.409648	0.409517	500.829000
0.409725	0.409591	500.849000
0.409621	0.409464	500.869000
0.409548	0.409419	500.889000
0.409729	0.409617	500.909000
0.409704	0.409531	500.929000
0.409498	0.409342	500.949000
0.409588	0.409447	500.969000
0.409737	0.409595	500.989000
0.409556	0.409418	501.009000
0.409506	0.409382	501.029000
0.409601	0.409439	501.049000
0.409492	0.409356	501.069000
0.409503	0.409368	501.089000
0.409663	0.409568	501.109000
0.409518	0.409378	501.129000
0.409403	0.409250	501.149000
0.409508	0.409369	501.169000
0.409583	0.409439	501.189000
0.409452	0.409319	501.209000
0.409516	0.409404	501.229000
0.409553	0.409414	501.249000
0.409443	0.409279	501.269000
0.409383	0.409262	501.289000
0.409622	0.409468	501.309000
0.409482	0.409341	501.329000
0.409322	0.409169	501.349000
0.409478	0.409307	501.369000
0.409516	0.409382	501.389000
0.409433	0.409288	501.409000
0.409463	0.409360	501.429000
0.409521	0.409371	501.449000
0.409369	0.409210	501.469000
0.409386	0.409302	501.489000
0.409592	0.409482	501.509000
0.409439	0.409300	501.529000
0.409349	0.409214	501.549000
0.409558	0.409416	501.569000
0.409564	0.409408	501.589000
0.409456	0.409339	501.609000
0.409526	0.409384	501.629000
0.409540	0.409383	501.649000
0.409359	0.409184	501.669000
0.409476	0.409365	501.689000
0.409618	0.409489	501.709000
0.409448	0.409309	501.729000
0.409354	0.409215	501.749000
0.409545	0.409372	501.769000
0.409491	0.409358	501.789000
0.409411	0.409305	501.809000
0.409497	0.409382	501.829000
0.409502	0.409335	501.849000
0.409357	0.409214	501.869000
0.409597	0.409477	501.889000
0.409879	0.409742	501.909000
0.409571	0.409438	501.929000
0.408875	0.408743	501.949000
0.408400	0.408249	501.969000
0.407801	0.407656	501.989000
0.407311	0.407180	502.009000
0.407054	0.406956	502.029000
0.406734	0.406578	502.049000
0.406480	0.406291	502.069000
0.406509	0.406375	502.089000
0.406515	0.406399	502.109000
0.406289	0.406109	502.129000
0.406243	0.406099	502.149000
0.406323	0.406181	502.169000
0.406222	0.406094	502.189000
0.406189	0.406063	502.209000
0.406277	0.406118	502.229000
0.406153	0.406009	502.249000
0.406101	0.405953	502.269000
0.406269	0.406160	502.289000
0.406342	0.406202	502.309000
0.406163	0.406033	502.329000
0.406197	0.406065	502.349000
0.406316	0.406167	502.369000
0.406280	0.406147	502.389000
0.406270	0.406148	502.409000
0.406425	0.406260	502.429000
0.406267	0.406117	502.449000
0.406222	0.406067	502.469000
0.406487	0.406355	502.489000
0.406553	0.406395	502.509000
0.406415	0.406272	502.529000
0.406502	0.406352	502.549000
0.406571	0.406407	502.569000
0.406483	0.406326	502.589000
0.406494	0.406411	502.609000
0.406642	0.406528	502.629000
0.406520	0.406370	502.649000
0.406457	0.406310	502.669000
0.406690	0.406558	502.689000
0.406623	0.406493	502.709000
0.406534	0.406389	502.729000
0.406587	0.406421	502.749000
0.406637	0.406462	502.769000
0.406546	0.406413	502.789000
0.406606	0.406503	502.809000
0.406678	0.406528	502.829000
0.406500	0.406347	502.849000
0.406474	0.406338	502.869000
0.406711	0.406587	502.889000
0.406645	0.406520	502.909000
0.406523	0.406394	502.929000
0.406588	0.406445	502.949000
0.406658	0.406483	502.969000
0.406550	0.406431	502.989000
0.406684	0.406555	503.009000
0.406732	0.406590	503.029000
0.406535	0.406366	503.049000
0.406578	0.406438	503.069000
0.406799	0.406651	503.089000
0.406687	0.406540	503.109000
0.406580	0.406451	503.129000
0.406761	0.406607	503.149000
0.406699	0.406546	503.169000
0.406667	0.406541	503.189000
0.406754	0.406653	503.209000
0.406785	0.406644	503.229000
0.406582	0.406434	503.249000
0.406679	0.406535	503.269000
0.406846	0.406699	503.289000
0.406711	0.406577	503.309000
0.406624	0.406493	503.329000
0.406741	0.406566	503.349000
0.406611	0.406455	503.369000
0.406599	0.406469	503.389000
0.406724	0.406589	503.409000
0.406835	0.406687	503.429000
0.406781	0.406636	503.449000
0.406488	0.406358	503.470000
0.404689	0.404593	503.489000
0.400951	0.400863	503.509000
0.396099	0.396030	503.529000
0.391135	0.391015	503.549000
0.386264	0.386165	503.569000
0.382042	0.381973	503.589000
0.378637	0.378583	503.609000
0.375702	0.375545	503.629000
0.373270	0.373146	503.649000
0.371688	0.371565	503.669000
0.370610	0.370477	503.689000
0.369615	0.369487	503.709000
0.369141	0.369033	503.729000
0.369005	0.368863	503.749000
0.368861	0.368720	503.769000
0.369050	0.368928	503.789000
0.369527	0.369409	503.809000
0.369817	0.369683	503.829000
0.370206	0.370052	503.849000
0.370927	0.370799	503.869000
0.371686	0.371553	503.889000
0.372226	0.372096	503.909000
0.373013	0.372862	503.929000
0.373790	0.373639	503.949000
0.374503	0.374328	503.969000
0.375266	0.375148	503.989000
0.376222	0.376114	504.009000
0.376855	0.376699	504.029000
0.377519	0.377369	504.049000
0.378431	0.378294	504.069000
0.379183	0.379014	504.089000
0.379771	0.379634	504.109000
0.380500	0.380367	504.129000
0.381207	0.381034	504.149000
0.381703	0.381545	504.169000
0.382422	0.382307	504.189000
0.383126	0.382986	504.209000
0.383513	0.383361	504.229000
0.383980	0.383818	504.249000
0.384669	0.384531	504.269000
0.385118	0.384984	504.289000
0.385475	0.385372	504.309000
0.385997	0.385844	504.329000
0.386419	0.386273	504.349000
0.386697	0.386561	504.369000
0.387259	0.387116	504.389000
0.387682	0.387546	504.409000
0.387890	0.387730	504.429000
0.388159	0.388012	504.449000
0.388645	0.388504	504.469000
0.388862	0.388735	504.489000
0.389071	0.388948	504.509000
0.389446	0.389307	504.529000
0.389652	0.389486	504.549000
0.389795	0.389634	504.569000
0.390115	0.389982	504.589000
0.390404	0.390284	504.609000
0.390446	0.390255	504.629000
0.390590	0.390466	504.649000
0.391006	0.390864	504.669000
0.391121	0.390993	504.689000
0.391219	0.391094	504.709000
0.391460	0.391338	504.729000
0.391467	0.391295	504.749000
0.391553	0.391407	504.769000
0.391851	0.391720	504.789000
0.392039	0.391890	504.809000
0.391941	0.391797	504.829000
0.392116	0.391974	504.849000
0.392352	0.392175	504.869000
0.392371	0.392220	504.889000
0.392375	0.392265	504.909000
0.392553	0.392417	504.929000
0.392501	0.392351	504.949000
0.392625	0.392496	504.969000
0.392909	0.392814	504.989000
0.391461	0.391346	505.009000
0.386547	0.386455	505.029000
0.379147	0.379097	505.049000
0.370708	0.370667	505.069000
0.362290	0.362229	505.089000
0.354697	0.354678	505.109000
0.348167	0.348102	505.129000
0.342477	0.342381	505.149000
0.337957	0.337849	505.169000
0.334556	0.334475	505.189000
0.331674	0.331585	505.209000
0.329528	0.329441	505.229000
0.328197	0.328063	505.249000
0.327280	0.327158	505.269000
0.326621	0.326520	505.289000
0.326561	0.326452	505.309000
0.326755	0.326641	505.329000
0.327057	0.326913	505.349000
0.327700	0.327579	505.369000
0.328751	0.328631	505.389000
0.329587	0.329462	505.409000
0.330589	0.330424	505.429000
0.331876	0.331723	505.449000
0.333214	0.333065	505.469000
0.334440	0.334325	505.489000
0.335920	0.335779	505.509000
0.337348	0.337162	505.529000
0.338676	0.338480	505.549000
0.340065	0.339953	505.569000
0.341684	0.341564	505.589000
0.342995	0.342862	505.609000
0.344277	0.344118	505.629000
0.345763	0.345608	505.649000
0.347099	0.346937	505.669000
0.348393	0.348238	505.689000
0.349822	0.349682	505.709000
0.351084	0.350948	505.729000
0.352185	0.351993	505.749000
0.353417	0.353274	505.769000
0.354755	0.354627	505.789000
0.355745	0.355607	505.809000
0.356706	0.356554	505.829000
