0.627437	1.058070	194.281000
0.626629	0.627131	194.301000
0.626624	0.626732	194.321000
0.626365	0.626436	194.341000
0.626185	0.626172	194.361000
0.626358	0.626352	194.381000
0.626535	0.626507	194.401000
0.626397	0.626348	194.421000
0.626406	0.626324	194.441000
0.626456	0.626371	194.461000
0.626374	0.626284	194.481000
0.626413	0.626341	194.501000
0.626579	0.626486	194.521000
0.626432	0.626345	194.541000
0.626291	0.626178	194.561000
0.626446	0.626358	194.581000
0.626540	0.626432	194.601000
0.626414	0.626297	194.621000
0.626428	0.626329	194.641000
0.626477	0.626358	194.661000
0.626403	0.626242	194.681000
0.626488	0.626385	194.701000
0.626622	0.626501	194.721000
0.626381	0.626257	194.741000
0.626275	0.626110	194.761000
0.626479	0.626366	194.781000
0.626470	0.626349	194.801000
0.626359	0.626239	194.821000
0.626380	0.626232	194.841000
0.626424	0.626261	194.861000
0.626233	0.626115	194.881000
0.626345	0.626241	194.901000
0.626477	0.626348	194.921000
0.626296	0.626139	194.941000
0.626174	0.626023	194.961000
0.626357	0.626216	194.981000
0.626376	0.626227	195.001000
0.626267	0.626119	195.021000
0.626242	0.626122	195.041000
0.626243	0.626064	195.061000
0.626135	0.625971	195.081000
0.626268	0.626144	195.101000
0.626384	0.626255	195.121000
0.626220	0.626044	195.141000
0.626081	0.625952	195.161000
0.626275	0.626113	195.181000
0.626262	0.626142	195.201000
0.626187	0.626053	195.221000
0.626245	0.626122	195.241000
0.626157	0.625988	195.261000
0.626057	0.625890	195.281000
0.626170	0.626056	195.301000
0.626265	0.626103	195.321000
0.625988	0.625840	195.341000
0.625948	0.625798	195.361000
0.626121	0.625957	195.381000
0.626108	0.625927	195.401000
0.625988	0.625849	195.421000
0.626093	0.625898	195.441000
0.625963	0.625789	195.461000
0.625902	0.625754	195.481000
0.626071	0.625932	195.501000
0.626127	0.625983	195.521000
0.625856	0.625720	195.541000
0.625909	0.625753	195.561000
0.626362	0.626170	195.581000
0.626088	0.625930	195.601000
0.625080	0.624964	195.621000
0.623987	0.623850	195.641000
0.622692	0.622554	195.661000
0.621587	0.621443	195.681000
0.620889	0.620781	195.701000
0.619955	0.619815	195.721000
0.618951	0.618809	195.741000
0.618297	0.618123	195.761000
0.617683	0.617538	195.781000
0.616931	0.616757	195.801000
0.616352	0.616223	195.821000
0.615882	0.615733	195.841000
0.615209	0.615059	195.861000
0.614731	0.614583	195.881000
0.614549	0.614403	195.901000
0.614076	0.613924	195.921000
0.613521	0.613380	195.941000
0.613236	0.613075	195.961000
0.613056	0.612886	195.981000
0.612677	0.612536	196.001000
0.612536	0.612385	196.021000
0.612352	0.612186	196.041000
0.611941	0.611788	196.061000
0.611703	0.611547	196.081000
0.611771	0.611624	196.101000
0.611554	0.611389	196.121000
0.611244	0.611097	196.141000
0.611176	0.611043	196.161000
0.611118	0.610937	196.181000
0.610931	0.610761	196.201000
0.610906	0.610752	196.221000
0.610835	0.610695	196.241000
0.610582	0.610379	196.261000
0.610503	0.610363	196.281000
0.610678	0.610543	196.301000
0.610499	0.610352	196.321000
0.610291	0.610123	196.341000
0.610398	0.610221	196.361000
0.610300	0.610104	196.381000
0.610206	0.610066	196.401000
0.610277	0.610142	196.421000
0.610226	0.610086	196.441000
0.609968	0.609793	196.461000
0.610029	0.609866	196.481000
0.610192	0.610051	196.501000
0.610065	0.609901	196.521000
0.609889	0.609739	196.541000
0.609965	0.609803	196.561000
0.609917	0.609769	196.581000
0.609870	0.609706	196.601000
0.609950	0.609816	196.621000
0.609912	0.609737	196.641000
0.609691	0.609536	196.661000
0.609808	0.609644	196.681000
0.609921	0.609789	196.701000
0.609820	0.609648	196.721000
0.609680	0.609547	196.741000
0.609825	0.609627	196.761000
0.609750	0.609572	196.781000
0.609696	0.609553	196.801000
0.609854	0.609720	196.821000
0.609736	0.609565	196.841000
0.609592	0.609395	196.861000
0.609712	0.609563	196.881000
0.609842	0.609689	196.901000
0.609668	0.609514	196.921000
0.609673	0.609517	196.941000
0.609707	0.609519	196.961000
0.609625	0.609450	196.981000
0.609651	0.609501	197.001000
0.609783	0.609638	197.021000
0.609627	0.609457	197.041000
0.609440	0.609268	197.061000
0.609621	0.609472	197.081000
0.609743	0.609573	197.101000
0.609772	0.609638	197.121000
0.609911	0.609755	197.141000
0.609444	0.609275	197.161000
0.608264	0.608097	197.181000
0.607271	0.607154	197.201000
0.606495	0.606378	197.221000
0.605465	0.605284	197.241000
0.604511	0.604347	197.261000
0.603924	0.603759	197.281000
0.603257	0.603103	197.301000
0.602539	0.602402	197.321000
0.602000	0.601852	197.341000
0.601459	0.601276	197.361000
0.600804	0.600611	197.381000
0.600431	0.600304	197.401000
0.600145	0.600003	197.421000
0.599553	0.599406	197.441000
0.599077	0.598922	197.461000
0.598941	0.598803	197.481000
0.598672	0.598525	197.501000
0.598306	0.598143	197.521000
0.598058	0.597901	197.541000
0.597810	0.597625	197.561000
0.597432	0.597257	197.581000
0.597373	0.597233	197.601000
0.597304	0.597169	197.621000
0.596947	0.596797	197.641000
0.596646	0.596493	197.661000
0.596668	0.596538	197.681000
0.596505	0.596370	197.701000
0.596310	0.596158	197.721000
0.596273	0.596120	197.741000
0.596113	0.595914	197.761000
0.595880	0.595717	197.781000
0.595907	0.595780	197.801000
0.595946	0.595805	197.821000
0.595660	0.595483	197.841000
0.595530	0.595374	197.861000
0.595657	0.595491	197.881000
0.595560	0.595401	197.901000
0.595411	0.595249	197.921000
0.595506	0.595339	197.941000
0.595350	0.595184	197.961000
0.595270	0.595098	197.981000
0.595405	0.595278	198.001000
0.595446	0.595308	198.021000
0.595185	0.595026	198.041000
0.595165	0.594969	198.061000
0.595287	0.595111	198.081000
0.595217	0.595051	198.101000
0.595153	0.595031	198.121000
0.595243	0.595080	198.141000
0.595075	0.594896	198.161000
0.594997	0.594828	198.181000
0.595179	0.595073	198.201000
0.595177	0.595001	198.221000
0.594947	0.594790	198.241000
0.594931	0.594765	198.261000
0.595062	0.594886	198.281000
0.594998	0.594820	198.301000
0.594988	0.594874	198.321000
0.595093	0.594930	198.341000
0.594892	0.594712	198.361000
0.594842	0.594673	198.381000
0.595061	0.594938	198.401000
0.595073	0.594915	198.421000
0.594888	0.594722	198.441000
0.594920	0.594750	198.461000
0.595021	0.594861	198.481000
0.594911	0.594736	198.501000
0.594927	0.594780	198.521000
0.594939	0.594790	198.541000
0.594727	0.594540	198.561000
0.594677	0.594538	198.581000
0.594978	0.594841	198.601000
0.594907	0.594754	198.621000
0.594724	0.594573	198.641000
0.594963	0.594797	198.661000
0.595175	0.594995	198.681000
0.594750	0.594584	198.701000
0.593817	0.593663	198.721000
0.592893	0.592719	198.741000
0.591823	0.591663	198.761000
0.591009	0.590868	198.781000
0.590496	0.590377	198.801000
0.589730	0.589600	198.821000
0.588977	0.588836	198.841000
0.588505	0.588334	198.861000
0.587958	0.587784	198.881000
0.587412	0.587287	198.901000
0.587037	0.586896	198.921000
0.586621	0.586451	198.941000
0.585980	0.585808	198.961000
0.585733	0.585588	198.981000
0.585618	0.585454	199.001000
0.585197	0.585037	199.021000
0.584729	0.584590	199.041000
0.584579	0.584418	199.061000
0.584325	0.584130	199.081000
0.584069	0.583922	199.101000
0.583954	0.583827	199.121000
0.583755	0.583580	199.141000
0.583354	0.583183	199.161000
0.583293	0.583152	199.181000
0.583339	0.583179	199.201000
0.583060	0.582883	199.221000
0.582791	0.582669	199.241000
0.582805	0.582639	199.261000
0.582664	0.582483	199.281000
0.582528	0.582379	199.301000
0.582571	0.582458	199.321000
0.582453	0.582281	199.341000
0.582148	0.581969	199.361000
0.582169	0.582010	199.381000
0.582276	0.582123	199.401000
0.582059	0.581900	199.421000
0.581952	0.581843	199.441000
0.582015	0.581846	199.461000
0.581898	0.581727	199.481000
0.581861	0.581709	199.501000
0.582008	0.581865	199.521000
0.581824	0.581647	199.541000
0.581640	0.581495	199.561000
0.581691	0.581505	199.581000
0.581767	0.581607	199.601000
0.581609	0.581442	199.621000
0.581590	0.581414	199.641000
0.581602	0.581437	199.661000
0.581499	0.581309	199.681000
0.581466	0.581328	199.701000
0.581649	0.581505	199.721000
0.581486	0.581317	199.741000
0.581323	0.581136	199.761000
0.581454	0.581330	199.781000
0.581573	0.581386	199.801000
0.581379	0.581232	199.821000
0.581435	0.581259	199.841000
0.581448	0.581271	199.861000
0.581339	0.581163	199.881000
0.581405	0.581285	199.901000
0.581544	0.581420	199.921000
0.581386	0.581219	199.941000
0.581253	0.581078	199.961000
0.581414	0.581250	199.981000
0.581421	0.581258	200.001000
0.581288	0.581151	200.021000
0.581302	0.581141	200.041000
0.581290	0.581129	200.061000
0.581171	0.580980	200.081000
0.581330	0.581204	200.101000
0.581436	0.581311	200.121000
0.581263	0.581100	200.141000
0.581145	0.580982	200.161000
0.581344	0.581173	200.181000
0.581489	0.581342	200.201000
0.581554	0.581381	200.221000
0.581354	0.581211	200.241000
0.580421	0.580230	200.261000
0.579426	0.579269	200.281000
0.578771	0.578623	200.301000
0.578112	0.577944	200.321000
0.577217	0.577041	200.341000
0.576542	0.576411	200.361000
0.576154	0.576009	200.381000
0.575575	0.575415	200.401000
0.575006	0.574856	200.421000
0.574664	0.574546	200.441000
0.574104	0.573941	200.461000
0.573618	0.573451	200.481000
0.573416	0.573279	200.501000
0.573167	0.573021	200.521000
0.572614	0.572440	200.541000
0.572296	0.572144	200.561000
0.572168	0.572021	200.581000
0.571855	0.571693	200.601000
0.571577	0.571445	200.621000
0.571515	0.571338	200.641000
0.571163	0.570983	200.661000
0.570893	0.570712	200.681000
0.570895	0.570752	200.701000
0.570788	0.570629	200.721000
0.570426	0.570253	200.741000
0.570357	0.570191	200.761000
0.570324	0.570165	200.781000
0.570167	0.570005	200.801000
0.570013	0.569911	200.821000
0.570038	0.569892	200.841000
0.569771	0.569600	200.861000
0.569639	0.569482	200.881000
0.569798	0.569682	200.901000
0.569708	0.569552	200.921000
0.569441	0.569285	200.941000
0.569458	0.569296	200.961000
0.569520	0.569361	200.981000
0.569389	0.569227	201.001000
0.569394	0.569284	201.021000
0.569400	0.569251	201.041000
0.569187	0.569028	201.061000
0.569136	0.568987	201.081000
0.569328	0.569180	201.101000
0.569212	0.569065	201.121000
0.568998	0.568851	201.141000
0.569027	0.568855	201.161000
0.569108	0.568924	201.181000
0.569000	0.568847	201.201000
0.569088	0.568943	201.221000
0.569115	0.568974	201.241000
0.568943	0.568764	201.261000
0.568932	0.568787	201.281000
0.569131	0.568966	201.301000
0.569035	0.568890	201.321000
0.568847	0.568679	201.341000
0.568923	0.568768	201.361000
0.568893	0.568709	201.381000
0.568809	0.568684	201.401000
0.568889	0.568768	201.421000
0.568889	0.568741	201.441000
0.568699	0.568511	201.461000
0.568775	0.568633	201.481000
0.568991	0.568857	201.501000
0.568868	0.568702	201.521000
0.568731	0.568563	201.541000
0.568828	0.568650	201.561000
0.568762	0.568578	201.581000
0.568737	0.568574	201.601000
0.568850	0.568717	201.621000
0.568832	0.568691	201.641000
0.568614	0.568456	201.661000
0.568714	0.568553	201.681000
0.568906	0.568773	201.701000
0.568818	0.568670	201.721000
0.568772	0.568617	201.741000
0.569138	0.569006	201.761000
0.568889	0.568734	201.781000
0.568083	0.567953	201.801000
0.567307	0.567194	201.821000
0.566515	0.566331	201.841000
0.565622	0.565440	201.861000
0.565088	0.564940	201.881000
0.564658	0.564509	201.901000
0.564022	0.563857	201.921000
0.563443	0.563326	201.941000
0.563075	0.562909	201.961000
0.562551	0.562406	201.981000
0.562144	0.561987	202.001000
0.561946	0.561806	202.021000
0.561483	0.561327	202.041000
0.560970	0.560838	202.061000
0.560826	0.560664	202.081000
0.560689	0.560523	202.101000
0.560251	0.560111	202.121000
0.560011	0.559876	202.141000
0.559848	0.559686	202.161000
0.559552	0.559385	202.181000
0.559384	0.559238	202.201000
0.559406	0.559269	202.221000
0.559095	0.558943	202.241000
0.558792	0.558635	202.261000
0.558839	0.558698	202.281000
0.558829	0.558692	202.301000
0.558587	0.558441	202.321000
0.558504	0.558353	202.341000
0.558469	0.558282	202.361000
0.558274	0.558067	202.381000
0.558190	0.558071	202.401000
0.558268	0.558125	202.421000
0.558041	0.557850	202.441000
0.557784	0.557636	202.461000
0.557968	0.557793	202.481000
0.557892	0.557729	202.501000
0.557748	0.557599	202.521000
0.557702	0.557563	202.541000
0.557698	0.557537	202.561000
0.557542	0.557378	202.581000
0.557650	0.557521	202.601000
0.557723	0.557579	202.621000
0.557522	0.557361	202.641000
0.557349	0.557172	202.661000
0.557503	0.557340	202.681000
0.557472	0.557315	202.701000
0.557377	0.557198	202.721000
0.557402	0.557247	202.741000
0.557389	0.557201	202.761000
0.557245	0.557091	202.781000
0.557401	0.557249	202.801000
0.557490	0.557330	202.821000
0.557310	0.557128	202.841000
0.557172	0.557024	202.861000
0.557357	0.557173	202.881000
0.557281	0.557133	202.901000
0.557215	0.557097	202.921000
0.557300	0.557161	202.941000
0.557214	0.557018	202.961000
0.557078	0.556908	202.981000
0.557232	0.557069	203.001000
0.557301	0.557155	203.021000
0.557104	0.556933	203.041000
0.557109	0.556918	203.061000
0.557243	0.557082	203.081000
0.557229	0.557058	203.101000
0.557162	0.557026	203.121000
0.557279	0.557112	203.141000
0.557130	0.556942	203.161000
0.557027	0.556857	203.181000
0.557217	0.557051	203.201000
0.557303	0.557163	203.221000
0.557087	0.556936	203.241000
0.557107	0.556934	203.261000
0.557308	0.557145	203.281000
0.557497	0.557341	203.301000
0.557314	0.557176	203.321000
0.556701	0.556560	203.341000
0.555750	0.555578	203.361000
0.554966	0.554802	203.381000
0.554495	0.554381	203.401000
0.553921	0.553745	203.421000
0.553123	0.552972	203.441000
0.552681	0.552540	203.461000
0.552333	0.552142	203.481000
0.551769	0.551604	203.501000
0.551412	0.551293	203.521000
0.551112	0.550958	203.541000
0.550606	0.550427	203.561000
0.550208	0.550046	203.581000
0.550127	0.549984	203.601000
0.549790	0.549638	203.621000
0.549358	0.549197	203.641000
0.549169	0.548996	203.661000
0.549039	0.548871	203.681000
0.548745	0.548598	203.701000
0.548645	0.548506	203.721000
0.548547	0.548384	203.741000
0.548214	0.548047	203.761000
0.547978	0.547828	203.781000
0.548074	0.547933	203.801000
0.547887	0.547757	203.821000
0.547633	0.547505	203.841000
0.547597	0.547465	203.861000
0.547576	0.547405	203.881000
0.547396	0.547251	203.901000
0.547408	0.547274	203.921000
0.547371	0.547202	203.941000
0.547109	0.546893	203.961000
0.547004	0.546862	203.981000
0.547153	0.546995	204.001000
0.547003	0.546839	204.021000
0.546798	0.546670	204.041000
0.546872	0.546706	204.061000
0.546759	0.546593	204.081000
0.546663	0.546548	204.101000
0.546782	0.546648	204.121000
0.546716	0.546573	204.141000
0.546497	0.546313	204.161000
0.546569	0.546424	204.181000
0.546720	0.546568	204.201000
0.546585	0.546438	204.221000
0.546429	0.546279	204.241000
0.546517	0.546354	204.261000
0.546434	0.546271	204.281000
0.546397	0.546254	204.301000
0.546481	0.546356	204.321000
0.546467	0.546281	204.341000
0.546236	0.546053	204.361000
0.546328	0.546184	204.381000
0.546518	0.546355	204.401000
0.546370	0.546226	204.421000
0.546238	0.546115	204.441000
0.546335	0.546183	204.461000
0.546234	0.546077	204.481000
0.546240	0.546100	204.501000
0.546407	0.546281	204.521000
0.546291	0.546116	204.541000
0.546133	0.545954	204.561000
0.546252	0.546085	204.581000
0.546417	0.546248	204.601000
0.546295	0.546118	204.621000
0.546292	0.546140	204.641000
0.546356	0.546186	204.661000
0.546290	0.546127	204.681000
0.546292	0.546157	204.701000
0.546462	0.546313	204.721000
0.546298	0.546144	204.741000
0.546167	0.545998	204.761000
0.546331	0.546206	204.781000
0.546491	0.546346	204.801000
0.546333	0.546181	204.821000
0.546628	0.546464	204.841000
0.546602	0.546427	204.862000
0.545898	0.545731	204.881000
0.545115	0.544988	204.901000
0.544620	0.544496	204.921000
0.543871	0.543706	204.941000
0.543138	0.542985	204.961000
0.542757	0.542630	204.981000
0.542361	0.542195	205.001000
0.541781	0.541656	205.021000
0.541398	0.541251	205.041000
0.541043	0.540858	205.061000
0.540528	0.540349	205.081000
0.540292	0.540177	205.101000
0.540138	0.540011	205.121000
0.539691	0.539544	205.141000
0.539333	0.539157	205.161000
0.539232	0.539066	205.181000
0.538976	0.538830	205.201000
0.538675	0.538535	205.221000
0.538514	0.538373	205.241000
0.538335	0.538177	205.261000
0.538050	0.537881	205.281000
0.538038	0.537889	205.301000
0.538062	0.537902	205.321000
0.537720	0.537578	205.341000
0.537494	0.537339	205.361000
0.537574	0.537432	205.381000
0.537473	0.537320	205.401000
0.537249	0.537124	205.421000
0.537225	0.537093	205.441000
0.537119	0.536927	205.461000
0.536913	0.536737	205.481000
0.537005	0.536868	205.501000
0.537015	0.536880	205.521000
0.536753	0.536596	205.541000
0.536671	0.536534	205.561000
0.536796	0.536625	205.581000
0.536721	0.536588	205.601000
0.536645	0.536481	205.621000
0.536689	0.536536	205.641000
0.536528	0.536365	205.661000
0.536413	0.536249	205.681000
0.536551	0.536432	205.701000
0.536608	0.536456	205.721000
0.536356	0.536171	205.741000
0.536379	0.536226	205.761000
0.536466	0.536311	205.781000
0.536427	0.536269	205.801000
0.536346	0.536195	205.821000
0.536411	0.536243	205.841000
0.536267	0.536093	205.861000
0.536203	0.536045	205.881000
0.536375	0.536244	205.901000
0.536397	0.536212	205.921000
0.536152	0.535961	205.941000
0.536206	0.536027	205.961000
0.536312	0.536154	205.981000
0.536236	0.536088	206.001000
0.536218	0.536079	206.021000
0.536279	0.536141	206.041000
0.536096	0.535945	206.061000
0.536060	0.535920	206.081000
0.536312	0.536172	206.101000
0.536278	0.536104	206.121000
0.536115	0.535947	206.141000
0.536152	0.535993	206.161000
0.536217	0.536036	206.181000
0.536088	0.535938	206.201000
0.536164	0.536045	206.221000
0.536222	0.536060	206.241000
0.536040	0.535875	206.261000
0.536015	0.535868	206.281000
0.536304	0.536139	206.301000
0.536216	0.536068	206.321000
0.536050	0.535880	206.341000
0.536113	0.535936	206.361000
0.536495	0.536307	206.381000
0.536395	0.536247	206.401000
0.536000	0.535883	206.421000
0.535277	0.535107	206.441000
0.534400	0.534231	206.461000
0.533762	0.533646	206.481000
0.533516	0.533371	206.501000
0.532910	0.532778	206.521000
0.532348	0.532173	206.541000
0.532031	0.531872	206.561000
0.531617	0.531449	206.581000
0.531195	0.531076	206.601000
0.530960	0.530850	206.621000
0.530639	0.530500	206.641000
0.530166	0.529983	206.661000
0.529988	0.529839	206.681000
0.529930	0.529782	206.701000
0.529574	0.529420	206.721000
0.529210	0.529047	206.741000
0.529129	0.528952	206.761000
0.528875	0.528706	206.781000
0.528653	0.528517	206.801000
0.528618	0.528494	206.821000
0.528474	0.528288	206.841000
0.528116	0.527941	206.861000
0.528090	0.527915	206.881000
0.528120	0.528003	206.901000
0.527903	0.527730	206.921000
0.527669	0.527534	206.941000
0.527680	0.527551	206.961000
0.527557	0.527412	206.981000
0.527463	0.527304	207.001000
0.527536	0.527423	207.021000
0.527389	0.527229	207.041000
0.527142	0.526987	207.061000
0.527206	0.527059	207.081000
0.527328	0.527175	207.101000
0.527178	0.527014	207.121000
0.527105	0.526967	207.141000
0.527159	0.526976	207.161000
0.526994	0.526846	207.181000
0.526966	0.526808	207.201000
0.527108	0.526964	207.221000
0.526961	0.526812	207.241000
0.526756	0.526603	207.261000
0.526857	0.526693	207.281000
0.526978	0.526840	207.301000
0.526813	0.526665	207.321000
0.526799	0.526672	207.341000
0.526827	0.526651	207.361000
0.526728	0.526557	207.381000
0.526728	0.526582	207.401000
0.526891	0.526722	207.421000
0.526705	0.526542	207.441000
0.526543	0.526382	207.461000
0.526694	0.526564	207.481000
0.526782	0.526614	207.501000
0.526640	0.526521	207.521000
0.526664	0.526515	207.541000
0.526707	0.526550	207.561000
0.526587	0.526444	207.581000
0.526728	0.526613	207.601000
0.526898	0.526744	207.621000
0.526700	0.526550	207.641000
0.526573	0.526399	207.661000
0.526747	0.526591	207.681000
0.526725	0.526566	207.701000
0.526622	0.526477	207.721000
0.526671	0.526504	207.741000
0.526714	0.526522	207.761000
0.526517	0.526361	207.781000
0.526686	0.526536	207.801000
0.526809	0.526670	207.821000
0.526622	0.526470	207.841000
0.526507	0.526339	207.861000
0.526677	0.526506	207.881000
0.526670	0.526522	207.901000
0.526767	0.526647	207.921000
0.526925	0.526790	207.941000
0.526532	0.526343	207.961000
0.525610	0.525482	207.981000
0.525133	0.525019	208.001000
0.524664	0.524524	208.021000
0.523949	0.523774	208.041000
0.523437	0.523296	208.061000
0.523194	0.523020	208.081000
0.522757	0.522579	208.101000
0.522299	0.522166	208.121000
0.522082	0.521927	208.141000
0.521654	0.521484	208.162000
0.521289	0.521119	208.181000
0.521155	0.521020	208.201000
0.520988	0.520849	208.221000
0.520551	0.520385	208.241000
0.520321	0.520165	208.261000
0.520225	0.520066	208.281000
0.519996	0.519844	208.301000
0.519800	0.519674	208.321000
0.519734	0.519572	208.341000
0.519471	0.519315	208.361000
0.519274	0.519098	208.381000
0.519355	0.519231	208.401000
0.519314	0.519159	208.421000
0.518972	0.518807	208.441000
0.518900	0.518740	208.461000
0.518897	0.518736	208.481000
0.518765	0.518614	208.501000
0.518646	0.518537	208.521000
0.518711	0.518539	208.541000
0.518470	0.518281	208.561000
0.518327	0.518178	208.581000
0.518487	0.518358	208.601000
0.518397	0.518240	208.621000
0.518213	0.518049	208.641000
0.518217	0.518053	208.661000
0.518242	0.518054	208.681000
0.518063	0.517919	208.701000
0.518078	0.517958	208.721000
0.518111	0.517946	208.741000
0.517909	0.517749	208.761000
0.517858	0.517689	208.781000
0.518114	0.517948	208.801000
0.517960	0.517817	208.821000
0.517769	0.517614	208.841000
0.517828	0.517676	208.861000
0.517849	0.517700	208.881000
0.517750	0.517622	208.901000
0.517826	0.517682	208.921000
0.517847	0.517689	208.941000
0.517675	0.517489	208.961000
0.517622	0.517479	208.981000
0.517860	0.517712	209.001000
0.517778	0.517634	209.021000
0.517620	0.517454	209.041000
0.517732	0.517575	209.061000
0.517727	0.517562	209.081000
0.517631	0.517483	209.101000
0.517697	0.517567	209.121000
0.517724	0.517571	209.141000
0.517550	0.517382	209.161000
0.517619	0.517457	209.181000
0.517783	0.517623	209.201000
0.517666	0.517507	209.221000
0.517529	0.517357	209.241000
0.517673	0.517502	209.261000
0.517647	0.517498	209.281000
0.517598	0.517439	209.301000
0.517684	0.517560	209.321000
0.517720	0.517562	209.341000
0.517475	0.517321	209.361000
0.517619	0.517446	209.381000
0.517799	0.517652	209.401000
0.517651	0.517518	209.421000
0.517550	0.517416	209.441000
0.517898	0.517734	209.461000
0.517939	0.517777	209.481000
0.517588	0.517477	209.501000
0.516993	0.516884	209.521000
0.516364	0.516208	209.541000
0.515597	0.515426	209.561000
0.515202	0.515040	209.581000
0.514918	0.514749	209.601000
0.514381	0.514208	209.621000
0.513871	0.513765	209.641000
0.513675	0.513487	209.661000
0.513278	0.513105	209.681000
0.512981	0.512839	209.701000
0.512872	0.512724	209.721000
0.512463	0.512309	209.741000
0.512066	0.511911	209.761000
0.512009	0.511853	209.781000
0.511920	0.511786	209.801000
0.511549	0.511410	209.821000
0.511385	0.511240	209.841000
0.511327	0.511175	209.861000
0.511105	0.510940	209.881000
0.510900	0.510773	209.901000
0.510934	0.510777	209.921000
0.510677	0.510513	209.941000
0.510419	0.510241	209.961000
0.510485	0.510324	209.981000
0.510485	0.510336	210.001000
0.510234	0.510101	210.021000
0.510188	0.510026	210.041000
0.510137	0.509960	210.061000
0.509998	0.509840	210.081000
0.509976	0.509845	210.101000
0.510037	0.509889	210.121000
0.509813	0.509640	210.141000
0.509659	0.509475	210.161000
0.509808	0.509659	210.181000
0.509754	0.509610	210.201000
0.509562	0.509419	210.221000
0.509575	0.509436	210.241000
0.509592	0.509416	210.261000
0.509376	0.509214	210.281000
0.509513	0.509387	210.301000
0.509592	0.509454	210.321000
0.509365	0.509194	210.341000
0.509247	0.509080	210.361000
0.509444	0.509299	210.381000
0.509409	0.509258	210.401000
0.509301	0.509158	210.421000
0.509317	0.509159	210.441000
0.509311	0.509150	210.461000
0.509142	0.508993	210.481000
0.509307	0.509146	210.501000
0.509412	0.509255	210.521000
0.509207	0.509040	210.541000
0.509123	0.508947	210.561000
0.509298	0.509129	210.581000
0.509283	0.509130	210.601000
0.509189	0.509042	210.621000
0.509282	0.509175	210.641000
0.509226	0.509037	210.661000
0.509116	0.508969	210.681000
0.509301	0.509181	210.701000
0.509384	0.509240	210.721000
0.509152	0.508967	210.741000
0.509124	0.508988	210.761000
0.509268	0.509096	210.781000
0.509213	0.509060	210.801000
0.509158	0.509028	210.821000
0.509298	0.509149	210.841000
0.509194	0.509036	210.861000
0.509121	0.508960	210.881000
0.509256	0.509126	210.901000
0.509263	0.509119	210.921000
0.509077	0.508904	210.941000
0.509103	0.508922	210.961000
0.509206	0.509049	210.981000
0.509337	0.509171	211.001000
0.509437	0.509304	211.021000
0.509292	0.509131	211.041000
0.508510	0.508341	211.061000
0.507843	0.507683	211.081000
0.507549	0.507430	211.101000
0.507036	0.506868	211.121000
0.506399	0.506231	211.141000
0.506048	0.505900	211.161000
0.505821	0.505655	211.181000
0.505410	0.505238	211.201000
0.505065	0.504955	211.221000
0.504825	0.504697	211.241000
0.504433	0.504268	211.261000
0.504222	0.504046	211.281000
0.504202	0.504064	211.301000
0.503916	0.503742	211.321000
0.503541	0.503388	211.341000
0.503449	0.503297	211.361000
0.503419	0.503259	211.381000
0.503161	0.503018	211.401000
0.503066	0.502935	211.421000
0.502981	0.502820	211.441000
0.502677	0.502506	211.461000
0.502531	0.502371	211.481000
0.502626	0.502498	211.501000
0.502461	0.502329	211.521000
0.502222	0.502089	211.541000
0.502216	0.502072	211.561000
0.502214	0.502028	211.581000
0.502081	0.501917	211.601000
0.502112	0.501963	211.621000
0.502094	0.501943	211.641000
0.501846	0.501677	211.661000
0.501821	0.501690	211.681000
0.501992	0.501826	211.701000
0.501831	0.501692	211.721000
0.501646	0.501494	211.741000
0.501771	0.501622	211.761000
0.501689	0.501532	211.781000
0.501619	0.501458	211.801000
0.501665	0.501523	211.821000
0.501640	0.501473	211.841000
0.501356	0.501199	211.861000
0.501434	0.501280	211.881000
0.501607	0.501477	211.901000
0.501482	0.501314	211.921000
0.501309	0.501162	211.941000
0.501372	0.501212	211.961000
0.501318	0.501154	211.981000
0.501247	0.501122	212.001000
0.501347	0.501221	212.021000
0.501328	0.501146	212.041000
0.501140	0.500975	212.061000
0.501250	0.501111	212.081000
0.501410	0.501259	212.101000
0.501226	0.501074	212.121000
0.501115	0.500958	212.141000
0.501244	0.501045	212.161000
0.501115	0.500964	212.181000
0.501127	0.501007	212.201000
0.501253	0.501129	212.221000
0.501143	0.500959	212.241000
0.500989	0.500805	212.261000
0.501141	0.500995	212.281000
0.501296	0.501156	212.301000
0.501121	0.500944	212.321000
0.501088	0.500940	212.341000
0.501188	0.501037	212.361000
0.501109	0.500966	212.381000
0.501153	0.501008	212.401000
0.501302	0.501177	212.421000
0.501144	0.500979	212.441000
0.501023	0.500830	212.461000
0.501157	0.501035	212.481000
0.501269	0.501117	212.501000
0.501056	0.500922	212.521000
0.501271	0.501110	212.541000
0.501482	0.501329	212.561000
0.501249	0.501066	212.581000
0.500602	0.500476	212.601000
0.500200	0.500065	212.621000
0.499521	0.499368	212.641000
0.498932	0.498797	212.661000
0.498752	0.498614	212.681000
0.498452	0.498296	212.701000
0.497974	0.497825	212.721000
0.497692	0.497537	212.741000
0.497461	0.497295	212.761000
0.497049	0.496895	212.781000
0.496886	0.496779	212.801000
0.496803	0.496667	212.821000
0.496422	0.496253	212.841000
0.496078	0.495952	212.861000
0.496093	0.495931	212.881000
0.495901	0.495740	212.901000
0.495647	0.495471	212.921000
0.495537	0.495391	212.941000
0.495403	0.495235	212.961000
0.495123	0.494978	212.981000
0.495143	0.495006	213.001000
0.495178	0.495036	213.021000
0.494883	0.494749	213.041000
0.494692	0.494521	213.061000
0.494810	0.494650	213.081000
0.494666	0.494530	213.101000
0.494505	0.494393	213.121000
0.494459	0.494345	213.141000
0.494360	0.494185	213.161000
0.494206	0.494066	213.181000
0.494303	0.494167	213.201000
0.494344	0.494200	213.221000
0.494117	0.493946	213.241000
0.494039	0.493876	213.261000
0.494191	0.494027	213.281000
0.494080	0.493936	213.301000
0.493951	0.493803	213.321000
0.494037	0.493877	213.341000
0.493897	0.493741	213.361000
0.493816	0.493661	213.381000
0.493981	0.493851	213.401000
0.494013	0.493889	213.421000
0.493736	0.493608	213.441000
0.493762	0.493608	213.461000
0.493912	0.493753	213.481000
0.493832	0.493714	213.501000
0.493731	0.493600	213.521000
0.493877	0.493729	213.541000
0.493745	0.493586	213.561000
0.493662	0.493523	213.581000
0.493862	0.493758	213.601000
0.493835	0.493654	213.621000
0.493619	0.493450	213.641000
0.493688	0.493560	213.661000
0.493807	0.493680	213.681000
0.493752	0.493583	213.701000
0.493700	0.493582	213.722000
0.493813	0.493666	213.741000
0.493650	0.493465	213.761000
0.493568	0.493404	213.781000
0.493779	0.493654	213.801000
0.493723	0.493546	213.821000
0.493551	0.493389	213.841000
0.493626	0.493473	213.861000
0.493700	0.493544	213.881000
0.493608	0.493472	213.901000
0.493648	0.493547	213.921000
0.493717	0.493544	213.941000
0.493569	0.493371	213.961000
0.493548	0.493389	213.981000
0.493805	0.493657	214.001000
0.493661	0.493509	214.021000
0.493495	0.493366	214.041000
0.493597	0.493444	214.061000
0.493771	0.493620	214.081000
0.493900	0.493778	214.101000
0.493845	0.493697	214.121000
0.493296	0.493145	214.141000
0.492587	0.492404	214.161000
0.492087	0.491934	214.181000
0.491856	0.491700	214.201000
0.491377	0.491216	214.221000
0.490862	0.490692	214.241000
0.490660	0.490502	214.261000
0.490381	0.490231	214.281000
0.490019	0.489880	214.301000
0.489801	0.489670	214.321000
0.489565	0.489408	214.341000
0.489184	0.489015	214.361000
0.489065	0.488918	214.381000
0.489073	0.488923	214.401000
0.488743	0.488588	214.421000
0.488426	0.488285	214.441000
0.488428	0.488273	214.461000
0.488312	0.488135	214.481000
0.488172	0.488034	214.501000
0.488107	0.487957	214.521000
0.487955	0.487782	214.541000
0.487693	0.487538	214.561000
0.487727	0.487590	214.581000
0.487750	0.487626	214.601000
0.487511	0.487408	214.621000
0.487338	0.487211	214.641000
0.487365	0.487224	214.661000
0.487264	0.487130	214.681000
0.487188	0.487055	214.701000
0.487236	0.487127	214.721000
0.487085	0.486906	214.741000
0.486891	0.486738	214.761000
0.487024	0.486874	214.781000
0.487101	0.486955	214.801000
0.486929	0.486744	214.821000
0.486836	0.486688	214.841000
0.486901	0.486752	214.861000
0.486822	0.486648	214.881000
0.486767	0.486645	214.901000
0.486857	0.486717	214.921000
0.486671	0.486510	214.941000
0.486481	0.486323	214.961000
0.486618	0.486479	214.981000
0.486724	0.486585	215.001000
0.486539	0.486416	215.021000
0.486547	0.486404	215.041000
0.486621	0.486440	215.061000
0.486526	0.486364	215.081000
0.486518	0.486388	215.101000
0.486691	0.486534	215.121000
0.486585	0.486433	215.141000
0.486479	0.486315	215.161000
0.486647	0.486528	215.181000
0.486730	0.486573	215.201000
0.486528	0.486387	215.221000
0.486533	0.486403	215.241000
0.486589	0.486419	215.261000
0.486471	0.486291	215.281000
0.486480	0.486369	215.301000
0.486606	0.486473	215.321000
0.486458	0.486279	215.341000
0.486359	0.486188	215.361000
0.486511	0.486366	215.381000
0.486528	0.486377	215.401000
0.486415	0.486250	215.421000
0.486473	0.486303	215.441000
0.486531	0.486347	215.461000
0.486424	0.486253	215.481000
0.486536	0.486417	215.501000
0.486613	0.486470	215.521000
0.486391	0.486208	215.541000
0.486327	0.486171	215.561000
0.486519	0.486368	215.581000
0.486457	0.486319	215.601000
0.486432	0.486278	215.621000
0.486700	0.486544	215.641000
0.486602	0.486436	215.661000
0.485937	0.485789	215.681000
0.485496	0.485365	215.701000
0.485092	0.484952	215.721000
0.484518	0.484335	215.741000
0.484102	0.483977	215.761000
0.483994	0.483818	215.781000
0.483655	0.483504	215.801000
0.483259	0.483105	215.821000
0.483083	0.482917	215.841000
0.482745	0.482581	215.861000
0.482419	0.482281	215.881000
0.482392	0.482277	215.901000
0.482263	0.482107	215.921000
0.481898	0.481717	215.941000
0.481714	0.481565	215.961000
0.481721	0.481570	215.981000
0.481520	0.481391	216.001000
0.481341	0.481201	216.021000
0.481326	0.481163	216.041000
0.481106	0.480930	216.061000
0.480918	0.480750	216.081000
0.480979	0.480857	216.101000
0.480912	0.480756	216.121000
0.480602	0.480454	216.141000
0.480593	0.480435	216.161000
0.480653	0.480520	216.181000
0.480533	0.480389	216.201000
0.480370	0.480220	216.221000
0.480370	0.480208	216.241000
0.480223	0.480033	216.261000
0.480132	0.479992	216.281000
0.480314	0.480230	216.301000
0.480248	0.480089	216.321000
0.480002	0.479852	216.341000
0.480029	0.479878	216.361000
0.480149	0.479991	216.381000
0.480025	0.479850	216.401000
0.479985	0.479892	216.421000
0.480056	0.479890	216.441000
0.479928	0.479771	216.461000
0.479893	0.479738	216.481000
0.480075	0.479937	216.501000
0.479902	0.479763	216.521000
0.479748	0.479575	216.541000
0.479819	0.479661	216.561000
0.479899	0.479757	216.581000
0.479801	0.479673	216.601000
0.479793	0.479663	216.621000
0.479856	0.479696	216.641000
0.479726	0.479537	216.661000
0.479692	0.479553	216.681000
0.479887	0.479730	216.701000
0.479789	0.479659	216.721000
0.479623	0.479484	216.741000
0.479739	0.479598	216.761000
0.479809	0.479649	216.781000
0.479738	0.479600	216.801000
0.479783	0.479650	216.821000
0.479774	0.479615	216.841000
0.479624	0.479446	216.861000
0.479651	0.479518	216.881000
0.479822	0.479708	216.901000
0.479700	0.479548	216.921000
0.479575	0.479405	216.941000
0.479728	0.479559	216.961000
0.479690	0.479552	216.981000
0.479640	0.479521	217.001000
0.479717	0.479558	217.021000
0.479714	0.479563	217.041000
0.479525	0.479345	217.061000
0.479643	0.479496	217.081000
0.479775	0.479641	217.101000
0.479651	0.479522	217.121000
0.479536	0.479391	217.141000
0.479676	0.479523	217.161000
0.479920	0.479768	217.181000
0.479891	0.479757	217.201000
0.479535	0.479419	217.221000
0.478940	0.478780	217.241000
0.478299	0.478141	217.261000
0.478002	0.477854	217.281000
0.477815	0.477673	217.301000
0.477316	0.477162	217.321000
0.476916	0.476790	217.341000
0.476746	0.476601	217.361000
0.476460	0.476305	217.381000
0.476217	0.476107	217.401000
0.476181	0.476052	217.421000
0.475841	0.475674	217.441000
0.475505	0.475333	217.461000
0.475494	0.475362	217.481000
0.475461	0.475314	217.501000
0.475120	0.474970	217.521000
0.474975	0.474825	217.541000
0.474898	0.474743	217.561000
0.474696	0.474556	217.581000
0.474587	0.474444	217.601000
0.474635	0.474491	217.621000
0.474390	0.474254	217.641000
0.474208	0.474056	217.661000
0.474276	0.474143	217.681000
0.474307	0.474159	217.701000
0.474038	0.473908	217.721000
0.474006	0.473858	217.741000
0.474000	0.473842	217.761000
0.473880	0.473758	217.781000
0.473841	0.473727	217.801000
0.473917	0.473797	217.821000
0.473736	0.473563	217.841000
0.473580	0.473435	217.861000
0.473764	0.473637	217.881000
0.473709	0.473555	217.901000
0.473576	0.473420	217.921000
0.473589	0.473421	217.941000
0.473607	0.473455	217.961000
0.473473	0.473311	217.981000
0.473546	0.473419	218.001000
0.473620	0.473480	218.021000
0.473420	0.473281	218.041000
0.473325	0.473180	218.061000
0.473542	0.473406	218.081000
0.473432	0.473296	218.101000
0.473321	0.473169	218.121000
0.473377	0.473220	218.141000
0.473363	0.473182	218.161000
0.473220	0.473100	218.181000
0.473367	0.473229	218.201000
0.473447	0.473293	218.221000
0.473242	0.473077	218.241000
0.473190	0.473023	218.261000
0.473421	0.473264	218.281000
0.473326	0.473179	218.301000
0.473226	0.473077	218.321000
0.473296	0.473147	218.341000
0.473232	0.473051	218.361000
0.473143	0.473001	218.381000
0.473300	0.473168	218.401000
0.473337	0.473189	218.421000
0.473138	0.472972	218.441000
0.473125	0.472973	218.461000
0.473309	0.473155	218.481000
0.473214	0.473086	218.501000
0.473129	0.472975	218.521000
0.473252	0.473087	218.541000
0.473176	0.472992	218.561000
0.473065	0.472926	218.581000
0.473246	0.473104	218.601000
0.473283	0.473141	218.621000
0.473066	0.472915	218.641000
0.473160	0.473006	218.661000
0.473310	0.473164	218.681000
0.473275	0.473146	218.701000
0.473438	0.473299	218.721000
0.473567	0.473405	218.741000
0.473083	0.472909	218.761000
0.472488	0.472333	218.781000
0.472167	0.472035	218.801000
0.471777	0.471602	218.821000
0.471176	0.471010	218.841000
0.470955	0.470820	218.861000
0.470851	0.470688	218.881000
0.470482	0.470316	218.901000
0.470135	0.470024	218.921000
0.470009	0.469848	218.941000
0.469672	0.469508	218.961000
0.469468	0.469335	218.981000
0.469490	0.469375	219.001000
0.469186	0.469057	219.021000
0.468904	0.468745	219.041000
0.468845	0.468703	219.061000
0.468824	0.468705	219.081000
0.468598	0.468453	219.101000
0.468510	0.468370	219.121000
0.468444	0.468296	219.141000
0.468223	0.468071	219.161000
0.468163	0.468018	219.181000
0.468275	0.468138	219.201000
0.468055	0.467932	219.221000
0.467874	0.467713	219.241000
0.467912	0.467751	219.261000
0.467948	0.467802	219.281000
0.467729	0.467614	219.301000
0.467764	0.467625	219.321000
0.467767	0.467598	219.341000
0.467553	0.467379	219.361000
0.467532	0.467397	219.381000
0.467715	0.467593	219.401000
0.467554	0.467399	219.421000
0.467359	0.467190	219.441000
0.467443	0.467299	219.461000
0.467443	0.467305	219.481000
0.467359	0.467229	219.501000
0.467412	0.467283	219.521000
0.467398	0.467231	219.541000
0.467207	0.467033	219.561000
0.467297	0.467192	219.581000
0.467458	0.467322	219.601000
0.467326	0.467170	219.621000
0.467159	0.467022	219.641000
0.467273	0.467133	219.661000
0.467227	0.467082	219.681000
0.467167	0.467033	219.701000
0.467213	0.467112	219.721000
0.467218	0.467036	219.741000
0.467057	0.466889	219.761000
0.467167	0.466996	219.781000
0.467318	0.467168	219.801000
0.467130	0.466988	219.821000
0.467002	0.466857	219.841000
0.467159	0.466995	219.861000
0.467089	0.466953	219.881000
0.467043	0.466914	219.901000
0.467132	0.467028	219.921000
0.467043	0.466869	219.941000
0.466884	0.466733	219.961000
0.467075	0.466910	219.981000
0.467182	0.467045	220.001000
0.467003	0.466836	220.021000
0.466975	0.466862	220.041000
0.467114	0.466965	220.061000
0.467063	0.466919	220.081000
0.467046	0.466920	220.101000
0.467164	0.466988	220.121000
0.467011	0.466834	220.141000
0.466924	0.466767	220.161000
0.467087	0.466950	220.181000
0.467179	0.467038	220.201000
0.466967	0.466820	220.221000
0.467008	0.466863	220.241000
0.467353	0.467189	220.261000
0.467338	0.467185	220.281000
0.466989	0.466875	220.301000
0.466557	0.466437	220.321000
0.466013	0.465840	220.341000
0.465495	0.465354	220.361000
0.465333	0.465210	220.381000
0.465105	0.464952	220.401000
0.464644	0.464508	220.421000
0.464392	0.464251	220.441000
0.464234	0.464097	220.461000
0.463948	0.463789	220.481000
0.463797	0.463686	220.501000
0.463715	0.463588	220.521000
0.463370	0.463214	220.541000
0.463150	0.463001	220.561000
0.463218	0.463079	220.581000
0.463051	0.462916	220.601000
0.462804	0.462676	220.621000
0.462738	0.462583	220.641000
0.462711	0.462543	220.661000
0.462486	0.462349	220.681000
0.462500	0.462364	220.701000
0.462490	0.462321	220.721000
0.462204	0.462041	220.741000
0.462053	0.461881	220.761000
0.462216	0.462077	220.781000
0.462081	0.461951	220.801000
0.461894	0.461763	220.821000
0.461948	0.461814	220.841000
0.461898	0.461729	220.861000
0.461762	0.461618	220.881000
0.461826	0.461688	220.901000
0.461827	0.461686	220.921000
0.461593	0.461429	220.941000
0.461529	0.461420	220.961000
0.461737	0.461602	220.981000
0.461624	0.461464	221.001000
0.461491	0.461346	221.021000
0.461599	0.461438	221.041000
0.461501	0.461320	221.061000
0.461426	0.461278	221.081000
0.461529	0.461413	221.101000
0.461555	0.461414	221.121000
0.461349	0.461178	221.141000
0.461427	0.461269	221.161000
0.461641	0.461488	221.181000
0.461531	0.461396	221.201000
0.461415	0.461279	221.221000
0.461522	0.461367	221.241000
0.461404	0.461261	221.261000
0.461365	0.461231	221.281000
0.461492	0.461376	221.301000
0.461449	0.461278	221.321000
0.461220	0.461053	221.341000
0.461286	0.461122	221.361000
0.461420	0.461277	221.381000
0.461321	0.461169	221.401000
0.461261	0.461117	221.421000
0.461377	0.461246	221.441000
0.461329	0.461151	221.461000
0.461293	0.461134	221.481000
0.461422	0.461295	221.501000
0.461387	0.461213	221.521000
0.461188	0.461036	221.541000
0.461302	0.461140	221.561000
0.461413	0.461268	221.581000
0.461321	0.461170	221.601000
0.461288	0.461197	221.621000
0.461321	0.461174	221.641000
0.461201	0.461047	221.661000
0.461176	0.461019	221.681000
0.461378	0.461263	221.701000
0.461243	0.461109	221.721000
0.461120	0.460970	221.741000
0.461247	0.461099	221.761000
0.461344	0.461195	221.781000
0.461425	0.461286	221.801000
0.461575	0.461449	221.821000
0.461401	0.461256	221.841000
0.460742	0.460582	221.861000
0.460296	0.460175	221.881000
0.460129	0.459994	221.901000
0.459592	0.459456	221.921000
0.459158	0.459010	221.941000
0.459038	0.458888	221.961000
0.458852	0.458687	221.981000
0.458526	0.458400	222.001000
0.458395	0.458266	222.021000
0.458231	0.458083	222.041000
0.457912	0.457739	222.061000
0.457827	0.457686	222.081000
0.457843	0.457711	222.101000
0.457589	0.457430	222.121000
0.457326	0.457179	222.141000
0.457336	0.457167	222.161000
0.457200	0.457048	222.181000
0.457046	0.456928	222.201000
0.456984	0.456856	222.221000
0.456909	0.456726	222.241000
0.456620	0.456474	222.261000
0.456736	0.456582	222.281000
0.456795	0.456634	222.301000
0.456535	0.456396	222.321000
0.456390	0.456238	222.341000
0.456491	0.456345	222.361000
0.456398	0.456246	222.381000
0.456291	0.456144	222.401000
0.456315	0.456198	222.421000
0.456240	0.456053	222.441000
0.456083	0.455924	222.461000
0.456212	0.456088	222.481000
0.456286	0.456121	222.501000
0.456061	0.455864	222.521000
0.455979	0.455851	222.541000
0.456101	0.455952	222.561000
0.456025	0.455875	222.581000
0.455975	0.455849	222.601000
0.456099	0.455967	222.621000
0.455955	0.455770	222.641000
0.455837	0.455682	222.661000
0.455970	0.455843	222.681000
0.456049	0.455915	222.701000
0.455854	0.455704	222.721000
0.455867	0.455723	222.741000
0.455938	0.455799	222.761000
0.455871	0.455694	222.781000
0.455825	0.455683	222.801000
0.455938	0.455809	222.821000
0.455812	0.455640	222.841000
0.455678	0.455536	222.861000
0.455873	0.455728	222.881000
0.455943	0.455781	222.901000
0.455707	0.455560	222.921000
0.455730	0.455582	222.941000
0.455817	0.455677	222.961000
0.455764	0.455601	222.981000
0.455725	0.455598	223.001000
0.455852	0.455695	223.021000
0.455660	0.455498	223.041000
0.455612	0.455448	223.061000
0.455836	0.455698	223.081000
0.455792	0.455629	223.101000
0.455640	0.455523	223.121000
0.455739	0.455571	223.141000
0.455817	0.455642	223.161000
0.455691	0.455541	223.181000
0.455794	0.455669	223.201000
0.455865	0.455704	223.221000
0.455707	0.455521	223.241000
0.455662	0.455520	223.261000
0.455858	0.455719	223.281000
0.455768	0.455647	223.301000
0.455624	0.455490	223.321000
0.455805	0.455681	223.341000
0.456040	0.455883	223.361000
0.455744	0.455615	223.381000
0.455312	0.455197	223.401000
0.454903	0.454750	223.421000
0.454352	0.454165	223.441000
0.454039	0.453888	223.461000
0.453982	0.453845	223.481000
0.453639	0.453500	223.501000
0.453302	0.453156	223.521000
0.453177	0.453030	223.541000
0.452938	0.452761	223.561000
0.452696	0.452558	223.581000
0.452680	0.452537	223.601000
0.452526	0.452375	223.621000
0.452164	0.452019	223.641000
0.452123	0.451996	223.661000
0.452144	0.451999	223.681000
0.451951	0.451814	223.701000
0.451771	0.451642	223.721000
0.451767	0.451604	223.741000
0.451602	0.451449	223.761000
0.451466	0.451332	223.781000
0.451518	0.451385	223.801000
0.451442	0.451304	223.821000
0.451093	0.450935	223.841000
0.451121	0.450966	223.861000
0.451233	0.451104	223.881000
0.451102	0.450983	223.901000
0.450973	0.450844	223.921000
0.451025	0.450867	223.941000
0.450886	0.450724	223.961000
0.450788	0.450671	223.981000
0.450941	0.450818	224.001000
0.450853	0.450695	224.021000
0.450630	0.450495	224.041000
0.450709	0.450547	224.061000
0.450833	0.450692	224.081000
0.450685	0.450537	224.101000
0.450661	0.450538	224.121000
0.450697	0.450511	224.141000
0.450580	0.450415	224.161000
0.450540	0.450423	224.181000
0.450749	0.450616	224.201000
0.450590	0.450454	224.221000
0.450437	0.450292	224.241000
0.450552	0.450381	224.261000
0.450656	0.450482	224.281000
0.450495	0.450366	224.301000
0.450525	0.450366	224.321000
0.450560	0.450369	224.341000
0.450397	0.450244	224.361000
0.450409	0.450270	224.381000
0.450601	0.450483	224.401000
0.450469	0.450315	224.421000
0.450328	0.450162	224.441000
0.450453	0.450326	224.461000
0.450543	0.450399	224.481000
0.450410	0.450291	224.501000
0.450473	0.450333	224.521000
0.450491	0.450315	224.541000
0.450368	0.450193	224.561000
0.450412	0.450302	224.581000
0.450583	0.450438	224.601000
0.450423	0.450270	224.621000
0.450300	0.450136	224.641000
0.450513	0.450382	224.661000
0.450496	0.450345	224.681000
0.450391	0.450267	224.701000
0.450485	0.450342	224.721000
0.450475	0.450295	224.741000
0.450313	0.450155	224.761000
0.450416	0.450300	224.781000
0.450564	0.450431	224.801000
0.450409	0.450265	224.821000
0.450296	0.450143	224.841000
0.450458	0.450316	224.861000
0.450570	0.450413	224.881000
0.450654	0.450527	224.901000
0.450619	0.450478	224.921000
0.450145	0.449983	224.941000
0.449539	0.449391	224.961000
0.449314	0.449159	224.981000
0.449108	0.448982	225.001000
0.448690	0.448524	225.021000
0.448332	0.448193	225.041000
0.448242	0.448111	225.061000
0.447989	0.447848	225.081000
0.447721	0.447596	225.101000
0.447637	0.447515	225.121000
0.447411	0.447245	225.141000
0.447139	0.446977	225.161000
0.447189	0.447058	225.181000
0.447126	0.446977	225.201000
0.446817	0.446664	225.221000
0.446728	0.446580	225.241000
0.446745	0.446579	225.261000
0.446556	0.446437	225.281000
0.446440	0.446326	225.301000
0.446470	0.446330	225.321000
0.446248	0.446078	225.341000
0.446092	0.445938	225.361000
0.446238	0.446117	225.381000
0.446186	0.446048	225.401000
0.445921	0.445778	225.421000
0.445925	0.445770	225.441000
0.445987	0.445834	225.461000
0.445885	0.445748	225.481000
0.445804	0.445707	225.501000
0.445857	0.445699	225.521000
0.445702	0.445556	225.541000
0.445573	0.445444	225.561000
0.445802	0.445689	225.581000
0.445724	0.445571	225.601000
0.445548	0.445394	225.621000
0.445620	0.445452	225.641000
0.445666	0.445514	225.661000
0.445601	0.445461	225.681000
0.445598	0.445494	225.701000
0.445652	0.445504	225.721000
0.445478	0.445311	225.741000
0.445438	0.445303	225.761000
0.445633	0.445489	225.781000
0.445542	0.445399	225.801000
0.445377	0.445240	225.821000
0.445450	0.445292	225.841000
0.445535	0.445378	225.861000
0.445422	0.445264	225.881000
0.445537	0.445376	225.901000
0.445526	0.445395	225.922000
0.445396	0.445255	225.941000
0.445366	0.445211	225.961000
0.445561	0.445435	225.981000
0.445514	0.445369	226.001000
0.445385	0.445220	226.021000
0.445432	0.445296	226.041000
0.445423	0.445260	226.061000
0.445314	0.445177	226.081000
0.445393	0.445283	226.101000
0.445435	0.445290	226.121000
0.445236	0.445070	226.141000
0.445262	0.445110	226.161000
0.445472	0.445332	226.181000
0.445354	0.445243	226.201000
0.445256	0.445101	226.221000
0.445375	0.445216	226.241000
0.445328	0.445168	226.261000
0.445306	0.445157	226.281000
0.445423	0.445308	226.301000
0.445422	0.445276	226.321000
0.445229	0.445089	226.341000
0.445336	0.445184	226.361000
0.445483	0.445339	226.381000
0.445371	0.445226	226.401000
0.445362	0.445192	226.421000
0.445640	0.445504	226.441000
0.445519	0.445357	226.461000
0.445012	0.444883	226.481000
0.444687	0.444575	226.501000
0.444299	0.444120	226.521000
0.443786	0.443645	226.541000
0.443616	0.443462	226.561000
0.443480	0.443356	226.581000
0.443124	0.442984	226.601000
0.442894	0.442768	226.621000
0.442786	0.442649	226.641000
0.442543	0.442402	226.661000
0.442379	0.442256	226.681000
0.442442	0.442323	226.701000
0.442185	0.442029	226.721000
0.441934	0.441786	226.741000
0.441924	0.441775	226.761000
0.441949	0.441796	226.781000
0.441681	0.441531	226.801000
0.441606	0.441473	226.821000
0.441627	0.441454	226.841000
0.441458	0.441282	226.861000
0.441426	0.441289	226.881000
0.441527	0.441395	226.901000
0.441264	0.441128	226.921000
0.441106	0.440944	226.941000
0.441213	0.441071	226.961000
0.441217	0.441075	226.981000
0.441045	0.440945	227.001000
0.441074	0.440932	227.021000
0.441081	0.440897	227.041000
0.440927	0.440777	227.061000
0.440928	0.440826	227.081000
0.441092	0.440968	227.101000
0.440887	0.440725	227.121000
0.440733	0.440577	227.141000
0.440884	0.440771	227.161000
0.440864	0.440711	227.181000
0.440734	0.440584	227.201000
0.440760	0.440626	227.221000
0.440742	0.440578	227.241000
0.440591	0.440428	227.261000
0.440718	0.440580	227.281000
0.440876	0.440754	227.301000
0.440718	0.440562	227.321000
0.440619	0.440491	227.341000
0.440814	0.440651	227.361000
0.440731	0.440591	227.381000
0.440622	0.440495	227.401000
0.440655	0.440519	227.421000
0.440691	0.440539	227.441000
0.440562	0.440404	227.461000
0.440675	0.440544	227.481000
0.440748	0.440623	227.501000
0.440562	0.440414	227.521000
0.440455	0.440300	227.541000
0.440648	0.440508	227.561000
0.440637	0.440507	227.581000
0.440556	0.440427	227.601000
0.440652	0.440534	227.621000
0.440579	0.440366	227.641000
0.440501	0.440310	227.661000
0.440631	0.440508	227.681000
0.440697	0.440555	227.701000
0.440499	0.440321	227.721000
0.440467	0.440319	227.741000
0.440607	0.440470	227.761000
0.440551	0.440412	227.781000
0.440510	0.440367	227.801000
0.440614	0.440454	227.821000
0.440465	0.440317	227.841000
0.440403	0.440256	227.861000
0.440596	0.440466	227.881000
0.440653	0.440547	227.901000
0.440423	0.440263	227.921000
0.440454	0.440309	227.941000
0.440665	0.440502	227.961000
0.440808	0.440667	227.981000
0.440704	0.440574	228.001000
0.440361	0.440227	228.021000
0.439792	0.439635	228.041000
0.439363	0.439224	228.061000
0.439219	0.439097	228.081000
0.439035	0.438890	228.101000
0.438599	0.438449	228.121000
0.438443	0.438288	228.141000
0.438333	0.438175	228.161000
0.438103	0.437964	228.181000
0.437965	0.437859	228.201000
0.437960	0.437812	228.221000
0.437660	0.437536	228.241000
0.437510	0.437378	228.261000
0.437562	0.437440	228.281000
0.437382	0.437267	228.301000
0.437152	0.437016	228.321000
0.437121	0.436956	228.341000
0.437119	0.436974	228.361000
0.436931	0.436797	228.381000
0.436960	0.436840	228.401000
0.436965	0.436801	228.421000
0.436736	0.436560	228.441000
0.436617	0.436472	228.461000
0.436809	0.436668	228.481000
0.436651	0.436501	228.501000
0.436488	0.436344	228.521000
0.436558	0.436401	228.541000
0.436559	0.436384	228.561000
0.436410	0.436290	228.581000
0.436483	0.436359	228.601000
0.436480	0.436361	228.621000
0.436303	0.436117	228.641000
0.436280	0.436142	228.661000
0.436462	0.436349	228.681000
0.436358	0.436208	228.701000
0.436193	0.436053	228.721000
0.436328	0.436179	228.741000
0.436279	0.436086	228.761000
0.436171	0.436034	228.781000
0.436251	0.436147	228.801000
0.436252	0.436083	228.821000
0.436013	0.435850	228.841000
0.436111	0.435965	228.861000
0.436201	0.436087	228.881000
0.436068	0.435914	228.901000
0.435965	0.435849	228.921000
0.436109	0.435958	228.941000
0.436054	0.435875	228.961000
0.436011	0.435886	228.981000
0.436161	0.436045	229.001000
0.436144	0.435995	229.021000
0.435921	0.435765	229.041000
0.436047	0.435904	229.061000
0.436211	0.436075	229.081000
0.436042	0.435911	229.101000
0.435939	0.435829	229.121000
0.436070	0.435895	229.141000
0.435997	0.435846	229.161000
0.435982	0.435815	229.181000
0.436151	0.436043	229.201000
0.436075	0.435895	229.221000
0.435908	0.435767	229.241000
0.436021	0.435902	229.261000
0.436192	0.436068	229.281000
0.436036	0.435894	229.301000
0.436004	0.435898	229.321000
0.436062	0.435911	229.341000
0.435964	0.435820	229.361000
0.435983	0.435841	229.381000
0.436163	0.436037	229.401000
0.436041	0.435885	229.421000
0.435845	0.435693	229.441000
0.435953	0.435819	229.461000
0.436097	0.435964	229.481000
0.436017	0.435887	229.501000
0.436250	0.436125	229.521000
0.436317	0.436158	229.541000
0.435843	0.435704	229.561000
0.435350	0.435222	229.581000
0.435139	0.434999	229.601000
0.434679	0.434546	229.621000
0.434316	0.434172	229.641000
0.434283	0.434160	229.661000
0.434122	0.433963	229.681000
0.433755	0.433639	229.701000
0.433644	0.433493	229.721000
0.433533	0.433392	229.741000
0.433269	0.433110	229.761000
0.433229	0.433137	229.781000
0.433219	0.433103	229.801000
0.432966	0.432826	229.821000
0.432782	0.432640	229.841000
0.432898	0.432747	229.861000
0.432787	0.432647	229.881000
0.432605	0.432480	229.901000
0.432587	0.432431	229.921000
0.432547	0.432390	229.941000
0.432348	0.432206	229.961000
0.432405	0.432273	229.981000
0.432445	0.432286	230.001000
0.432183	0.432020	230.021000
0.432057	0.431906	230.041000
0.432199	0.432071	230.061000
0.432110	0.431999	230.081000
0.432033	0.431904	230.101000
0.432016	0.431932	230.121000
0.432002	0.431823	230.141000
0.431914	0.431785	230.161000
0.432006	0.431893	230.181000
0.432062	0.431904	230.201000
0.431823	0.431654	230.221000
0.431800	0.431662	230.241000
0.431996	0.431849	230.261000
0.431868	0.431736	230.281000
0.431767	0.431625	230.301000
0.431853	0.431741	230.321000
0.431744	0.431573	230.341000
0.431650	0.431524	230.361000
0.431833	0.431717	230.381000
0.431886	0.431748	230.401000
0.431665	0.431494	230.421000
0.431637	0.431510	230.441000
0.431763	0.431619	230.461000
0.431699	0.431558	230.481000
0.431661	0.431538	230.501000
0.431751	0.431608	230.521000
0.431607	0.431461	230.541000
0.431546	0.431401	230.561000
0.431753	0.431617	230.581000
0.431795	0.431664	230.601000
0.431588	0.431445	230.621000
0.431636	0.431493	230.641000
0.431736	0.431582	230.661000
0.431640	0.431508	230.681000
0.431589	0.431497	230.701000
0.431706	0.431570	230.721000
0.431571	0.431400	230.741000
0.431495	0.431357	230.761000
0.431752	0.431622	230.781000
0.431746	0.431588	230.801000
0.431545	0.431398	230.821000
0.431629	0.431461	230.841000
0.431711	0.431591	230.861000
0.431630	0.431475	230.881000
0.431708	0.431564	230.901000
0.431666	0.431526	230.921000
0.431530	0.431386	230.941000
0.431523	0.431377	230.961000
0.431746	0.431634	230.981000
0.431617	0.431489	231.001000
0.431457	0.431319	231.021000
0.431600	0.431439	231.041000
0.431875	0.431741	231.061000
0.431786	0.431634	231.081000
0.431508	0.431403	231.101000
0.431040	0.430904	231.121000
0.430537	0.430367	231.141000
0.430212	0.430078	231.161000
0.430169	0.430044	231.181000
0.429845	0.429691	231.201000
0.429507	0.429359	231.221000
0.429433	0.429309	231.241000
0.429314	0.429171	231.261000
0.429163	0.429023	231.281000
0.429046	0.428946	231.301000
0.428966	0.428811	231.321000
0.428715	0.428541	231.341000
0.428701	0.428572	231.361000
0.428766	0.428646	231.381000
0.428529	0.428406	231.401000
0.428389	0.428222	231.421000
0.428462	0.428279	231.441000
0.428321	0.428160	231.461000
0.428181	0.428033	231.481000
0.428214	0.428069	231.501000
0.428172	0.427994	231.521000
0.427915	0.427757	231.541000
0.427988	0.427848	231.561000
0.428100	0.427962	231.581000
0.427953	0.427819	231.601000
0.427808	0.427673	231.621000
0.427918	0.427773	231.641000
0.427819	0.427667	231.661000
0.427760	0.427634	231.681000
0.427840	0.427741	231.701000
0.427795	0.427625	231.721000
0.427605	0.427418	231.741000
0.427671	0.427560	231.761000
0.427782	0.427655	231.781000
0.427664	0.427531	231.801000
0.427585	0.427453	231.821000
0.427686	0.427547	231.841000
0.427595	0.427442	231.861000
0.427540	0.427411	231.881000
0.427703	0.427591	231.901000
0.427577	0.427416	231.921000
0.427437	0.427282	231.941000
0.427581	0.427442	231.961000
0.427667	0.427546	231.981000
0.427502	0.427359	232.001000
0.427484	0.427342	232.021000
0.427547	0.427392	232.041000
0.427432	0.427280	232.061000
0.427434	0.427306	232.081000
0.427621	0.427456	232.101000
0.427501	0.427328	232.121000
0.427341	0.427204	232.141000
0.427497	0.427359	232.161000
0.427592	0.427449	232.181000
0.427419	0.427292	232.201000
0.427442	0.427283	232.221000
0.427487	0.427332	232.241000
0.427422	0.427280	232.261000
0.427465	0.427386	232.281000
0.427596	0.427476	232.301000
0.427429	0.427276	232.321000
0.427344	0.427181	232.341000
0.427555	0.427416	232.361000
0.427519	0.427356	232.381000
0.427405	0.427261	232.401000
0.427441	0.427306	232.421000
0.427472	0.427310	232.441000
0.427388	0.427219	232.461000
0.427486	0.427364	232.481000
0.427548	0.427427	232.501000
0.427395	0.427257	232.521000
0.427300	0.427164	232.541000
0.427497	0.427363	232.561000
0.427493	0.427362	232.581000
0.427578	0.427442	232.601000
0.427742	0.427594	232.621000
0.427498	0.427329	232.641000
0.426890	0.426742	232.661000
0.426618	0.426507	232.681000
0.426368	0.426220	232.701000
0.425888	0.425750	232.721000
0.425608	0.425465	232.741000
0.425632	0.425476	232.761000
0.425441	0.425308	232.781000
0.425224	0.425089	232.801000
0.425187	0.425063	232.821000
0.424995	0.424820	232.841000
0.424816	0.424658	232.861000
0.424847	0.424716	232.881000
0.424785	0.424681	232.901000
0.424507	0.424339	232.921000
0.424405	0.424288	232.941000
0.424503	0.424364	232.961000
0.424385	0.424249	232.981000
0.424263	0.424138	233.001000
0.424282	0.424144	233.021000
0.424144	0.423963	233.041000
0.424031	0.423883	233.061000
0.424125	0.423997	233.081000
0.424145	0.424007	233.101000
0.423863	0.423730	233.121000
0.423911	0.423757	233.141000
0.423975	0.423842	233.161000
0.423876	0.423758	233.181000
0.423798	0.423665	233.201000
0.423888	0.423731	233.221000
0.423748	0.423574	233.241000
0.423699	0.423549	233.261000
0.423844	0.423751	233.281000
0.423814	0.423639	233.301000
0.423628	0.423481	233.321000
0.423683	0.423523	233.341000
0.423770	0.423650	233.361000
0.423652	0.423514	233.381000
0.423667	0.423555	233.401000
0.423720	0.423575	233.421000
0.423587	0.423417	233.441000
0.423543	0.423409	233.461000
0.423731	0.423625	233.481000
0.423618	0.423507	233.501000
0.423473	0.423330	233.521000
0.423558	0.423418	233.541000
0.423665	0.423512	233.561000
0.423523	0.423376	233.581000
0.423613	0.423461	233.601000
0.423622	0.423493	233.621000
0.423514	0.423332	233.641000
0.423526	0.423364	233.661000
0.423718	0.423591	233.681000
0.423630	0.423481	233.701000
0.423461	0.423318	233.721000
0.423500	0.423380	233.741000
0.423568	0.423411	233.761000
0.423462	0.423340	233.781000
0.423520	0.423388	233.801000
0.423561	0.423433	233.821000
0.423396	0.423222	233.841000
0.423456	0.423337	233.861000
0.423680	0.423555	233.881000
0.423579	0.423412	233.901000
0.423405	0.423263	233.921000
0.423526	0.423404	233.941000
0.423508	0.423360	233.961000
0.423475	0.423339	233.981000
0.423558	0.423423	234.001000
0.423571	0.423421	234.021000
0.423373	0.423231	234.041000
0.423501	0.423379	234.061000
0.423640	0.423518	234.081000
0.423522	0.423375	234.101000
0.423407	0.423257	234.121000
0.423754	0.423576	234.141000
0.423769	0.423616	234.161000
0.423506	0.423383	234.181000
0.423099	0.422982	234.201000
0.422686	0.422526	234.221000
0.422179	0.422023	234.241000
0.422034	0.421895	234.261000
0.421948	0.421796	234.281000
0.421634	0.421499	234.301000
0.421366	0.421268	234.321000
0.421380	0.421233	234.341000
0.421173	0.421035	234.361000
0.421081	0.420954	234.381000
0.421122	0.420998	234.402000
0.420888	0.420734	234.421000
0.420705	0.420565	234.441000
0.420756	0.420635	234.461000
0.420805	0.420673	234.481000
0.420566	0.420397	234.501000
0.420479	0.420347	234.521000
0.420516	0.420349	234.541000
0.420391	0.420251	234.561000
0.420348	0.420214	234.581000
0.420454	0.420316	234.601000
0.420264	0.420104	234.621000
0.420125	0.419979	234.641000
0.420262	0.420117	234.661000
0.420290	0.420171	234.681000
0.420060	0.419934	234.701000
0.420077	0.419920	234.722000
0.420162	0.420002	234.741000
0.420039	0.419902	234.761000
0.420005	0.419909	234.781000
0.420130	0.419971	234.801000
0.419949	0.419786	234.821000
0.419826	0.419673	234.841000
0.419991	0.419859	234.861000
0.420007	0.419863	234.881000
0.419861	0.419747	234.901000
0.419885	0.419732	234.921000
0.419911	0.419743	234.941000
0.419808	0.419623	234.961000
0.419861	0.419759	234.981000
0.419992	0.419856	235.001000
0.419770	0.419632	235.021000
0.419710	0.419575	235.041000
0.419905	0.419770	235.061000
0.419871	0.419739	235.081000
0.419738	0.419613	235.101000
0.419795	0.419622	235.121000
0.419828	0.419676	235.141000
0.419693	0.419551	235.161000
0.419825	0.419689	235.181000
0.419910	0.419735	235.201000
0.419707	0.419553	235.221000
0.419643	0.419499	235.241000
0.419877	0.419733	235.261000
0.419795	0.419667	235.281000
0.419683	0.419564	235.301000
0.419728	0.419601	235.321000
0.419692	0.419522	235.341000
0.419603	0.419463	235.361000
0.419735	0.419613	235.381000
0.419781	0.419639	235.401000
0.419587	0.419425	235.421000
0.419562	0.419444	235.441000
0.419745	0.419610	235.461000
0.419685	0.419554	235.481000
0.419637	0.419491	235.501000
0.419729	0.419583	235.521000
0.419674	0.419528	235.541000
0.419632	0.419482	235.561000
0.419770	0.419651	235.581000
0.419784	0.419646	235.601000
0.419550	0.419417	235.621000
0.419641	0.419493	235.641000
0.419819	0.419666	235.661000
0.419912	0.419751	235.681000
0.419905	0.419783	235.701000
0.419816	0.419674	235.721000
0.419294	0.419142	235.741000
0.418796	0.418677	235.761000
0.418620	0.418530	235.781000
0.418334	0.418165	235.801000
0.417930	0.417784	235.821000
0.417829	0.417692	235.841000
0.417798	0.417642	235.861000
0.417596	0.417459	235.881000
0.417420	0.417314	235.901000
0.417422	0.417291	235.921000
0.417225	0.417069	235.941000
0.417107	0.416999	235.961000
0.417246	0.417142	235.981000
0.417060	0.416921	236.001000
0.416864	0.416699	236.021000
0.416913	0.416747	236.041000
0.416934	0.416800	236.061000
0.416790	0.416647	236.081000
0.416764	0.416632	236.101000
0.416750	0.416610	236.121000
0.416594	0.416424	236.141000
0.416546	0.416420	236.161000
0.416725	0.416588	236.181000
0.416555	0.416409	236.201000
0.416391	0.416256	236.221000
0.416460	0.416297	236.241000
0.416559	0.416412	236.261000
0.416419	0.416300	236.281000
0.416467	0.416334	236.301000
0.416517	0.416355	236.321000
0.416351	0.416193	236.341000
0.416358	0.416218	236.361000
0.416548	0.416413	236.381000
0.416393	0.416255	236.401000
0.416254	0.416110	236.421000
0.416396	0.416275	236.441000
0.416424	0.416256	236.461000
0.416326	0.416187	236.481000
0.416425	0.416272	236.501000
0.416371	0.416230	236.521000
0.416192	0.416037	236.541000
0.416321	0.416217	236.561000
0.416461	0.416343	236.581000
0.416286	0.416148	236.601000
0.416188	0.416030	236.621000
0.416340	0.416159	236.641000
0.416285	0.416157	236.661000
0.416205	0.416084	236.681000
0.416295	0.416165	236.701000
0.416297	0.416134	236.721000
0.416141	0.415962	236.741000
0.416276	0.416123	236.761000
0.416364	0.416252	236.781000
0.416184	0.416050	236.801000
0.416148	0.416003	236.821000
0.416306	0.416178	236.841000
0.416223	0.416104	236.861000
0.416154	0.416040	236.881000
0.416274	0.416157	236.901000
0.416226	0.416057	236.921000
0.416076	0.415906	236.941000
0.416201	0.416069	236.961000
0.416289	0.416166	236.981000
0.416123	0.415969	237.001000
0.416084	0.415950	237.021000
0.416214	0.416051	237.041000
0.416167	0.416005	237.061000
0.416141	0.416023	237.081000
0.416326	0.416200	237.101000
0.416214	0.416033	237.121000
0.416113	0.415957	237.141000
0.416239	0.416108	237.161000
0.416327	0.416192	237.181000
0.416117	0.416012	237.201000
0.416291	0.416135	237.221000
0.416520	0.416371	237.241000
0.416346	0.416210	237.261000
0.415852	0.415752	237.281000
0.415554	0.415415	237.301000
0.415028	0.414881	237.321000
0.414653	0.414498	237.341000
0.414591	0.414468	237.361000
0.414467	0.414315	237.381000
0.414149	0.414010	237.401000
0.414027	0.413899	237.421000
0.413993	0.413822	237.441000
0.413823	0.413656	237.461000
0.413742	0.413647	237.481000
0.413788	0.413633	237.501000
0.413548	0.413405	237.521000
0.413440	0.413303	237.541000
0.413583	0.413486	237.561000
0.413506	0.413384	237.581000
0.413335	0.413183	237.601000
0.413351	0.413202	237.621000
0.413341	0.413185	237.641000
0.413225	0.413078	237.661000
0.413306	0.413177	237.681000
0.413278	0.413157	237.702000
0.413092	0.412953	237.721000
0.413011	0.412854	237.741000
0.413216	0.413067	237.762000
0.413092	0.412956	237.781000
0.412974	0.412837	237.801000
0.413015	0.412874	237.821000
0.413028	0.412870	237.841000
0.412922	0.412806	237.861000
0.413043	0.412922	237.881000
0.413055	0.412893	237.901000
0.412862	0.412700	237.921000
0.412841	0.412704	237.941000
0.413061	0.412923	237.961000
0.412944	0.412821	237.981000
0.412855	0.412701	238.001000
0.412962	0.412803	238.021000
0.412923	0.412763	238.041000
0.412867	0.412742	238.061000
0.413012	0.412888	238.081000
0.413036	0.412909	238.101000
0.412788	0.412642	238.121000
0.412873	0.412730	238.141000
0.413041	0.412914	238.161000
0.412966	0.412836	238.181000
0.412869	0.412744	238.201000
0.412992	0.412832	238.221000
0.412884	0.412718	238.241000
0.412857	0.412716	238.261000
0.413027	0.412894	238.281000
0.413040	0.412901	238.301000
0.412799	0.412650	238.321000
0.412869	0.412728	238.341000
0.412995	0.412843	238.361000
0.412882	0.412737	238.381000
0.412807	0.412687	238.401000
0.412903	0.412750	238.421000
0.412801	0.412663	238.441000
0.412774	0.412645	238.461000
0.412945	0.412835	238.481000
0.412900	0.412742	238.501000
0.412722	0.412569	238.521000
0.412812	0.412663	238.541000
0.412889	0.412729	238.561000
0.412764	0.412611	238.581000
0.412795	0.412681	238.601000
0.412881	0.412720	238.621000
0.412754	0.412585	238.641000
0.412768	0.412603	238.661000
0.412968	0.412843	238.681000
0.412841	0.412695	238.701000
0.412669	0.412529	238.721000
0.412807	0.412664	238.741000
0.412994	0.412851	238.761000
0.413060	0.412944	238.781000
0.413028	0.412881	238.801000
0.412584	0.412430	238.821000
0.411953	0.411799	238.841000
0.411529	0.411400	238.861000
0.411352	0.411225	238.881000
0.410947	0.410785	238.901000
0.410608	0.410451	238.921000
0.410594	0.410454	238.941000
0.410506	0.410325	238.961000
0.410308	0.410178	238.981000
0.410252	0.410122	239.001000
0.410209	0.410058	239.021000
0.410007	0.409856	239.041000
0.410056	0.409956	239.061000
0.410156	0.410028	239.081000
0.409946	0.409814	239.101000
0.409847	0.409674	239.121000
0.409999	0.409845	239.141000
0.409923	0.409780	239.161000
0.409845	0.409729	239.181000
0.409868	0.409751	239.201000
0.409880	0.409733	239.221000
0.409714	0.409567	239.241000
0.409802	0.409679	239.261000
0.409899	0.409773	239.281000
0.409766	0.409603	239.301000
0.409642	0.409490	239.321000
0.409781	0.409623	239.341000
0.409726	0.409591	239.361000
0.409668	0.409559	239.381000
0.409760	0.409621	239.401000
0.409691	0.409514	239.421000
0.409559	0.409415	239.441000
0.409727	0.409609	239.461000
0.409872	0.409753	239.481000
0.409730	0.409555	239.501000
0.409675	0.409542	239.521000
0.409840	0.409685	239.541000
0.409776	0.409632	239.561000
0.409792	0.409667	239.581000
0.409884	0.409758	239.601000
0.409748	0.409569	239.621000
0.409633	0.409486	239.641000
0.409805	0.409665	239.661000
0.409869	0.409742	239.681000
0.409630	0.409492	239.701000
0.409633	0.409488	239.721000
0.409743	0.409601	239.741000
0.409687	0.409556	239.761000
0.409655	0.409538	239.781000
0.409816	0.409674	239.801000
0.409687	0.409522	239.821000
0.409605	0.409457	239.841000
0.409789	0.409664	239.861000
0.409855	0.409698	239.881000
0.409640	0.409518	239.901000
0.409686	0.409537	239.921000
0.409726	0.409559	239.941000
0.409693	0.409532	239.961000
0.409677	0.409582	239.981000
0.409786	0.409670	240.001000
0.409625	0.409481	240.021000
0.409575	0.409450	240.041000
0.409803	0.409674	240.061000
0.409761	0.409609	240.081000
0.409601	0.409472	240.101000
0.409668	0.409502	240.121000
0.409736	0.409575	240.141000
0.409654	0.409513	240.161000
0.409734	0.409602	240.181000
0.409786	0.409649	240.201000
0.409619	0.409448	240.221000
0.409633	0.409482	240.241000
0.409820	0.409683	240.261000
0.409745	0.409590	240.281000
0.409680	0.409550	240.301000
0.409969	0.409807	240.321000
0.409918	0.409778	240.341000
0.409247	0.409144	240.361000
0.408612	0.408518	240.381000
0.407968	0.407838	240.401000
0.407188	0.407061	240.421000
0.406683	0.406533	240.441000
0.406585	0.406456	240.461000
0.406272	0.406127	240.481000
0.405983	0.405832	240.501000
0.405968	0.405843	240.521000
0.405916	0.405743	240.541000
0.405798	0.405658	240.561000
0.405905	0.405800	240.581000
0.405963	0.405809	240.601000
0.405759	0.405607	240.621000
0.405816	0.405696	240.641000
0.406000	0.405888	240.661000
0.405964	0.405830	240.681000
0.405947	0.405806	240.701000
0.406089	0.405948	240.721000
0.406020	0.405862	240.741000
0.406057	0.405922	240.761000
0.406209	0.406102	240.781000
0.406236	0.406108	240.801000
0.406108	0.405951	240.821000
0.406232	0.406076	240.841000
0.406382	0.406235	240.861000
0.406317	0.406172	240.881000
0.406254	0.406102	240.901000
0.406432	0.406250	240.921000
0.406353	0.406215	240.941000
0.406363	0.406232	240.961000
0.406520	0.406442	240.981000
0.406514	0.406340	241.001000
0.406368	0.406220	241.021000
0.406505	0.406353	241.041000
0.406639	0.406495	241.061000
0.406519	0.406383	241.081000
0.406491	0.406389	241.101000
0.406626	0.406455	241.121000
0.406508	0.406367	241.141000
0.406516	0.406399	241.161000
0.406752	0.406623	241.181000
0.406608	0.406476	241.201000
0.406492	0.406377	241.221000
0.406650	0.406506	241.241000
0.406772	0.406623	241.261000
0.406642	0.406521	241.281000
0.406707	0.406591	241.301000
0.406763	0.406590	241.321000
0.406663	0.406515	241.341000
0.406687	0.406553	241.361000
0.406896	0.406750	241.381000
0.406790	0.406636	241.401000
0.406640	0.406475	241.421000
0.406762	0.406608	241.441000
0.406837	0.406689	241.461000
0.406711	0.406601	241.481000
0.406761	0.406655	241.501000
0.406819	0.406670	241.521000
0.406679	0.406515	241.541000
0.406696	0.406589	241.561000
0.406863	0.406748	241.581000
0.406709	0.406559	241.601000
0.406631	0.406494	241.621000
0.406804	0.406678	241.641000
0.406826	0.406676	241.661000
0.406723	0.406598	241.681000
0.406817	0.406707	241.701000
0.406812	0.406642	241.721000
0.406666	0.406508	241.741000
0.406795	0.406669	241.761000
0.406937	0.406811	241.781000
0.406776	0.406632	241.801000
0.406649	0.406488	241.821000
0.406888	0.406728	241.841000
0.407064	0.406907	241.861000
0.406767	0.406665	241.881000
0.405264	0.405160	241.901000
0.401696	0.401590	241.921000
0.396753	0.396642	241.941000
0.391723	0.391663	241.961000
0.386856	0.386779	241.981000
0.382313	0.382228	242.001000
0.378570	0.378467	242.021000
0.375795	0.375673	242.041000
0.373420	0.373306	242.061000
0.371636	0.371554	242.081000
0.370559	0.370460	242.101000
0.369612	0.369489	242.121000
0.369017	0.368902	242.141000
0.368956	0.368847	242.161000
0.369026	0.368912	242.181000
0.369028	0.368862	242.201000
0.369348	0.369222	242.221000
0.369936	0.369791	242.241000
0.370450	0.370318	242.261000
0.370997	0.370871	242.281000
0.371814	0.371659	242.301000
0.372399	0.372222	242.321000
0.373084	0.372948	242.341000
0.374036	0.373883	242.361000
0.374841	0.374707	242.381000
0.375433	0.375298	242.401000
0.376264	0.376124	242.421000
0.377176	0.377044	242.441000
0.377864	0.377744	242.461000
0.378568	0.378458	242.481000
0.379405	0.379286	242.501000
0.379973	0.379815	242.521000
0.380640	0.380497	242.541000
0.381504	0.381397	242.561000
0.382180	0.382031	242.581000
0.382604	0.382465	242.601000
0.383286	0.383144	242.621000
0.383984	0.383799	242.641000
0.384454	0.384309	242.661000
0.385049	0.384939	242.681000
0.385644	0.385489	242.701000
0.385969	0.385784	242.721000
0.386377	0.386217	242.741000
0.386998	0.386870	242.761000
0.387352	0.387210	242.781000
0.387606	0.387481	242.801000
0.388074	0.387938	242.821000
0.388499	0.388348	242.841000
0.388722	0.388602	242.861000
0.389159	0.389014	242.881000
0.389503	0.389349	242.901000
0.389593	0.389453	242.921000
0.389838	0.389700	242.941000
0.390281	0.390153	242.961000
0.390423	0.390307	242.981000
0.390522	0.390376	243.001000
0.390851	0.390689	243.021000
0.391104	0.390919	243.041000
0.391222	0.391072	243.061000
0.391494	0.391356	243.081000
0.391695	0.391548	243.101000
0.391720	0.391527	243.121000
0.391866	0.391754	243.141000
0.392234	0.392104	243.161000
0.392299	0.392168	243.181000
0.392323	0.392171	243.201000
0.392590	0.392417	243.221000
0.392649	0.392487	243.241000
0.392715	0.392591	243.261000
0.392968	0.392835	243.281000
0.393082	0.392928	243.301000
0.392967	0.392796	243.321000
0.393162	0.393038	243.341000
0.393429	0.393296	243.361000
0.393423	0.393299	243.381000
0.393550	0.393422	243.401000
0.392768	0.392646	243.421000
0.388789	0.388713	243.441000
0.382050	0.382009	243.461000
0.374213	0.374173	243.481000
0.366243	0.366145	243.501000
0.358771	0.358668	243.521000
0.352569	0.352488	243.541000
0.347507	0.347447	243.561000
0.343146	0.343061	243.581000
0.339656	0.339569	243.601000
0.337101	0.337001	243.621000
0.335002	0.334872	243.641000
0.333501	0.333417	243.661000
0.332665	0.332579	243.681000
0.331970	0.331830	243.701000
0.331483	0.331338	243.721000
0.331629	0.331501	243.741000
0.331958	0.331841	243.761000
0.332327	0.332177	243.781000
0.333016	0.332867	243.801000
0.333915	0.333767	243.821000
0.334760	0.334619	243.841000
0.335829	0.335675	243.861000
0.337136	0.337016	243.881000
0.338216	0.338092	243.901000
0.339346	0.339198	243.921000
0.340816	0.340643	243.941000
0.342236	0.342110	243.961000
0.343454	0.343333	243.981000
0.344818	0.344693	244.001000
0.346239	0.346089	244.021000
0.347509	0.347380	244.041000
0.348833	0.348699	244.061000
0.350261	0.350157	244.081000
0.351384	0.351245	244.101000
0.352501	0.352352	244.121000
0.353882	0.353748	244.141000
0.355101	0.354948	244.161000
0.356106	0.355974	244.181000
0.357258	0.357098	244.201000
0.358375	0.358241	244.221000
0.359296	0.359127	244.241000
0.360361	0.360250	244.261000
0.361422	0.361287	244.281000
0.362146	0.362010	244.301000
0.362960	0.362806	244.321000
0.363955	0.363803	244.341000
0.364729	0.364590	244.361000
0.365438	0.365329	244.382000
0.366200	0.366077	244.401000
0.366889	0.366731	244.421000
0.367443	0.367278	244.441000
0.368220	0.368081	244.461000
0.368915	0.368775	244.481000
0.369292	0.369114	244.501000
0.369768	0.369602	244.521000
0.370468	0.370314	244.541000
0.370901	0.370767	244.561000
0.371281	0.371144	244.581000
0.371787	0.371673	244.601000
0.372178	0.372001	244.621000
0.372507	0.372356	244.641000
0.373014	0.372874	244.661000
0.373436	0.373314	244.681000
0.373637	0.373484	244.701000
0.373911	0.373764	244.721000
0.374356	0.374217	244.741000
0.374628	0.374477	244.761000
0.374891	0.374752	244.781000
0.375268	0.375131	244.801000
0.375431	0.375278	244.821000
0.375605	0.375480	244.841000
0.375983	0.375866	244.861000
0.376247	0.376125	244.881000
0.376223	0.376096	244.901000
0.376523	0.376388	244.921000
0.377020	0.376872	244.941000
0.376317	0.376235	244.961000
0.372785	0.372729	244.981000
0.366166	0.366091	245.001000
0.357639	0.357591	245.021000
0.349027	0.348979	245.041000
0.341187	0.341153	245.061000
0.334194	0.334108	245.081000
0.328014	0.327927	245.101000
0.323161	0.323056	245.121000
0.319255	0.319151	245.141000
0.316027	0.315913	245.161000
0.313707	0.313644	245.181000
0.312127	0.312023	245.201000
0.310898	0.310787	245.221000
0.310311	0.310190	245.241000
0.310403	0.310293	245.261000
0.310529	0.310401	245.281000
0.310897	0.310763	245.301000
0.311695	0.311560	245.321000
0.312739	0.312599	245.341000
0.313733	0.313616	245.361000
0.315077	0.314946	245.381000
0.316530	0.316363	245.401000
0.317900	0.317737	245.421000
0.319463	0.319281	245.441000
0.321298	0.321128	245.461000
0.322862	0.322733	245.481000
0.324444	0.324303	245.501000
0.326320	0.326156	245.521000
0.328085	0.327933	245.541000
0.329718	0.329586	245.561000
0.331524	0.331410	245.581000
0.333264	0.333110	245.601000
0.334802	0.334636	245.621000
0.336433	0.336313	245.641000
0.338211	0.338078	245.661000
0.339626	0.339466	245.681000
0.341033	0.340867	245.701000
0.342604	0.342469	245.721000
0.344006	0.343827	245.741000
0.345281	0.345145	245.761000
0.346656	0.346528	245.782000
0.347825	0.347684	245.801000
0.348793	0.348625	245.821000
0.349949	0.349807	245.841000
0.351172	0.351031	245.861000
0.352014	0.351868	245.881000
0.352873	0.352725	245.901000
0.353882	0.353705	245.921000
0.354643	0.354482	245.941000
0.355354	0.355239	245.961000
0.356272	0.356137	245.981000
0.356974	0.356809	246.001000
0.357462	0.357299	246.021000
0.358210	0.358048	246.041000
0.358847	0.358713	246.061000
0.359264	0.359131	246.081000
0.359725	0.359576	246.101000
0.360370	0.360195	246.121000
0.360747	0.360600	246.141000
0.361157	0.361043	246.161000
0.361750	0.361645	246.181000
0.362111	0.361924	246.201000
0.362355	0.362205	246.221000
0.362848	0.362693	246.241000
0.363299	0.363175	246.261000
0.363521	0.363370	246.281000
0.363806	0.363682	246.301000
0.364200	0.364036	246.321000
0.364397	0.364263	246.341000
0.364706	0.364561	246.361000
0.365150	0.365011	246.381000
0.365259	0.365099	246.401000
0.365408	0.365260	246.421000
0.365906	0.365765	246.441000
0.366281	0.366154	246.461000
0.365040	0.364937	246.481000
0.360915	0.360811	246.501000
0.354177	0.354106	246.521000
0.346341	0.346301	246.541000
