19.318000 0.782939
22.858000 0.750447
27.058000 0.721611
30.418000 0.695964
33.618000 0.673395
36.658000 0.653025
39.338000 0.634552
42.718000 0.617335
46.418000 0.601748
50.118000 0.587553
53.478000 0.574455
56.518000 0.561892
59.778000 0.550744
63.198000 0.539988
66.098000 0.530038
69.138000 0.520556
72.478000 0.511924
75.978000 0.503430
78.778000 0.495740
81.218000 0.488345
84.478000 0.481179
88.278000 0.474526
91.858000 0.468238
95.198000 0.462141
99.598000 0.456364
102.878000 0.450981
106.378000 0.445821
110.478000 0.440976
113.518000 0.436150
116.558000 0.431758
120.658000 0.427593
123.698000 0.423598
126.438000 0.419643
129.938000 0.416149
133.118000 0.412556
135.778000 0.409612
138.598000 0.406798
151.678000 0.399906
159.058000 0.390733
165.398000 0.383979
171.558000 0.376930
177.538000 0.369186
187.758000 0.363542
199.478000 0.355623
208.518000 0.346416
219.818000 0.338698
231.398000 0.330304
239.818000 0.321344
248.558000 0.313745
258.038000 0.306123
265.758000 0.298372
274.158000 0.291417
283.078000 0.284765
290.798000 0.277792
297.818000 0.271280
305.578000 0.265538
312.198000 0.259565
319.438000 0.253965
326.818000 0.248554
334.718000 0.243446
343.098000 0.238732
349.858000 0.233654
356.498000 0.229115
363.398000 0.224712
370.078000 0.220497
376.138000 0.216318
384.158000 0.212659
391.238000 0.208844
399.438000 0.205472
405.678000 0.201766
412.298000 0.198334
417.898000 0.195135
424.578000 0.192146
431.378000 0.189051
437.378000 0.186135
442.558000 0.183116
448.998000 0.180646
454.638000 0.177859
459.438000 0.175233
466.338000 0.172983
471.878000 0.170653
478.118000 0.168358
483.918000 0.166163
489.138000 0.163830
495.158000 0.161919
500.738000 0.159788
506.178000 0.157677
512.518000 0.156032
517.358000 0.153808
522.658000 0.152055
526.978000 0.150369
532.478000 0.148644
537.978000 0.146970
542.938000 0.145373
547.478000 0.143818
551.858000 0.142172
557.618000 0.140888
562.738000 0.139365
567.878000 0.137938
571.698000 0.136349
576.498000 0.135122
580.878000 0.133777
585.098000 0.132511
589.638000 0.131254
595.198000 0.130080
600.438000 0.128838
605.978000 0.127679
611.038000 0.126473
616.138000 0.125302
620.278000 0.124107
625.038000 0.123016
629.978000 0.122031
635.838000 0.121089
641.938000 0.120015
648.858000 0.119061
655.878000 0.117983
667.078000 0.117155
672.838000 0.115931
676.658000 0.114930
681.278000 0.114143
684.978000 0.113094
688.358000 0.112249
691.578000 0.111300
695.238000 0.110637
698.498000 0.110023
701.598000 0.109136
705.078000 0.108323
