1.073999	1.131156	36.887000
1.073313	1.073094	36.987000
1.073151	1.072915	37.087000
1.073151	1.072906	37.187000
1.072998	1.072775	37.287000
1.072926	1.072684	37.387000
1.072771	1.072522	37.487000
1.072660	1.072426	37.588000
1.072480	1.072235	37.687000
1.072388	1.072140	37.787000
1.072138	1.071888	37.887000
1.072033	1.071792	37.987000
1.071820	1.071589	38.087000
1.071650	1.071412	38.187000
1.071367	1.071136	38.287000
1.071241	1.071000	38.387000
1.070987	1.070740	38.487000
1.070690	1.070445	38.587000
1.055901	1.055742	38.687000
1.024879	1.024713	38.787000
1.002588	1.002394	38.887000
0.989324	0.989104	38.987000
0.982204	0.981995	39.087000
0.979243	0.979025	39.187000
0.978746	0.978527	39.287000
0.979932	0.979687	39.387000
0.981959	0.981727	39.487000
0.984683	0.984443	39.587000
0.987594	0.987374	39.687000
0.990734	0.990493	39.787000
0.992753	0.992529	39.887000
0.975936	0.975759	39.987000
0.951426	0.951263	40.087000
0.935544	0.935362	40.187000
0.926721	0.926517	40.287000
0.922771	0.922573	40.387000
0.921883	0.921673	40.487000
0.923068	0.922838	40.587000
0.925464	0.925253	40.687000
0.928637	0.928415	40.787000
0.932186	0.931962	40.887000
0.935893	0.935666	40.987000
0.928263	0.928106	41.087000
0.905860	0.905698	41.187000
0.889710	0.889533	41.287000
0.880619	0.880433	41.387000
0.876466	0.876260	41.487000
0.875374	0.875177	41.587000
0.876395	0.876197	41.687000
0.878706	0.878515	41.787000
0.881813	0.881595	41.887000
0.885433	0.885203	41.987000
0.889351	0.889147	42.087000
0.893287	0.893080	42.187000
0.893469	0.893277	42.287000
0.875217	0.875052	42.387000
0.857589	0.857413	42.487000
0.846839	0.846655	42.587000
0.841252	0.841078	42.687000
0.839153	0.838970	42.787000
0.839401	0.839209	42.887000
0.841056	0.840841	42.987000
0.843686	0.843484	43.087000
0.846774	0.846572	43.187000
0.850311	0.850113	43.287000
0.852809	0.852614	43.387000
0.839934	0.839785	43.487000
0.822082	0.821930	43.587000
0.810710	0.810537	43.687000
0.804449	0.804270	43.787000
0.801836	0.801646	43.887000
0.801438	0.801239	43.987000
0.802707	0.802518	44.087000
0.804891	0.804710	44.187000
0.807783	0.807588	44.287000
0.810922	0.810711	44.387000
0.814350	0.814144	44.487000
0.813538	0.813373	44.587000
0.797400	0.797241	44.687000
0.782880	0.782718	44.787000
0.774188	0.774017	44.887000
0.769587	0.769404	44.987000
0.767947	0.767762	45.087000
0.768075	0.767893	45.187000
0.769571	0.769393	45.287000
0.771764	0.771559	45.387000
0.774453	0.774258	45.487000
0.777407	0.777211	45.587000
0.780584	0.780400	45.687000
0.783793	0.783603	45.787000
0.785155	0.784969	45.887000
0.771892	0.771733	45.987000
0.757206	0.757059	46.087000
0.747835	0.747678	46.187000
0.742725	0.742563	46.287000
0.740472	0.740291	46.387000
0.740134	0.739946	46.487000
0.740937	0.740749	46.587000
0.742633	0.742439	46.687000
0.744759	0.744601	46.787000
0.747330	0.747133	46.887000
0.750024	0.749838	46.987000
0.752822	0.752637	47.087000
0.755624	0.755450	47.187000
0.757362	0.757184	47.287000
0.746056	0.745907	47.387000
0.731628	0.731472	47.487000
0.722122	0.721966	47.587000
0.716724	0.716559	47.687000
0.714031	0.713849	47.787000
0.713250	0.713077	47.887000
0.713662	0.713486	47.987000
0.714923	0.714742	48.087000
0.716625	0.716440	48.187000
0.718730	0.718552	48.287000
0.720686	0.720515	48.387000
0.713262	0.713089	48.487000
0.699286	0.699139	48.587000
0.689555	0.689402	48.687000
0.683848	0.683694	48.787000
0.680911	0.680733	48.887000
0.679827	0.679660	48.987000
0.679961	0.679791	49.087000
0.680942	0.680775	49.187000
0.682389	0.682221	49.287000
0.684187	0.684005	49.387000
0.686138	0.685953	49.487000
0.688269	0.688101	49.587000
0.686841	0.686691	49.687000
0.674465	0.674328	49.788000
0.663698	0.663543	49.887000
0.657021	0.656873	49.987000
0.653220	0.653061	50.087000
0.651464	0.651305	50.187000
0.651011	0.650833	50.287000
0.651547	0.651378	50.387000
0.652596	0.652426	50.487000
0.654059	0.653886	50.587000
0.655702	0.655539	50.687000
0.657549	0.657376	50.787000
0.655983	0.655829	50.887000
0.644586	0.644444	50.987000
0.634695	0.634554	51.087000
0.628537	0.628397	51.187000
0.625023	0.624871	51.287000
0.623383	0.623226	51.387000
0.622908	0.622737	51.487000
0.623357	0.623202	51.587000
0.624265	0.624099	51.687000
0.625598	0.625447	51.787000
0.627030	0.626861	51.887000
0.624031	0.623883	51.987000
0.613135	0.612994	52.087000
0.604695	0.604567	52.187000
0.599473	0.599325	52.287000
0.596599	0.596445	52.387000
0.595276	0.595120	52.487000
0.595083	0.594923	52.587000
0.595508	0.595352	52.687000
0.596447	0.596303	52.787000
0.597634	0.597480	52.887000
0.599037	0.598866	52.987000
0.600627	0.600475	53.087000
0.602060	0.601901	53.187000
0.596812	0.596658	53.287000
0.586873	0.586736	53.387000
0.579847	0.579707	53.487000
0.575723	0.575570	53.587000
0.573403	0.573253	53.687000
0.572436	0.572299	53.787000
0.572313	0.572167	53.887000
0.572899	0.572739	53.987000
0.573782	0.573611	54.087000
0.574940	0.574786	54.187000
0.576226	0.576065	54.287000
0.575867	0.575730	54.387000
0.567508	0.567369	54.487000
0.559415	0.559269	54.587000
0.554182	0.554034	54.687000
0.551239	0.551097	54.787000
0.549762	0.549622	54.887000
0.549333	0.549187	54.987000
0.549498	0.549351	55.087000
0.550185	0.550027	55.187000
0.551103	0.550947	55.287000
0.552238	0.552083	55.387000
0.553421	0.553284	55.487000
0.552588	0.552440	55.587000
0.544523	0.544388	55.687000
0.537387	0.537259	55.787000
0.532805	0.532684	55.887000
0.530264	0.530117	55.987000
0.528978	0.528841	56.087000
0.528630	0.528477	56.187000
0.528830	0.528688	56.287000
0.529437	0.529284	56.387000
0.530280	0.530153	56.487000
0.531243	0.531088	56.587000
0.532433	0.532279	56.687000
0.533067	0.532911	56.787000
0.527222	0.527087	56.887000
0.519769	0.519641	56.987000
0.514835	0.514699	57.087000
0.511889	0.511746	57.187000
0.510393	0.510253	57.287000
0.509784	0.509640	57.387000
0.509836	0.509702	57.487000
0.510236	0.510085	57.587000
0.511010	0.510856	57.687000
0.511850	0.511693	57.787000
0.512955	0.512816	57.887000
0.514070	0.513929	57.987000
0.515068	0.514927	58.087000
0.510931	0.510794	58.187000
0.503736	0.503611	58.287000
0.498610	0.498483	58.387000
0.495558	0.495412	58.487000
0.493862	0.493710	58.587000
0.493187	0.493045	58.687000
0.493087	0.492952	58.787000
0.493455	0.493318	58.887000
0.494035	0.493897	58.987000
0.494879	0.494735	59.087000
0.495723	0.495585	59.187000
0.494887	0.494751	59.287000
0.488338	0.488206	59.387000
0.482729	0.482597	59.487000
0.479060	0.478931	59.587000
0.477014	0.476870	59.687000
0.475971	0.475833	59.787000
0.475664	0.475536	59.887000
0.475802	0.475663	59.987000
0.476296	0.476150	60.087000
0.476978	0.476825	60.187000
0.477822	0.477680	60.287000
0.478602	0.478454	60.387000
0.475449	0.475321	60.487000
0.469141	0.469021	60.587000
0.464678	0.464541	60.687000
0.461951	0.461812	60.787000
0.460471	0.460330	60.887000
0.459752	0.459623	60.987000
0.459732	0.459588	61.087000
0.460008	0.459860	61.187000
0.460566	0.460427	61.287000
0.461207	0.461074	61.387000
0.462002	0.461869	61.487000
0.459396	0.459274	61.587000
0.453561	0.453415	61.687000
0.449226	0.449096	61.787000
0.446588	0.446455	61.887000
0.445111	0.444992	61.987000
0.444548	0.444404	62.087000
0.444393	0.444261	62.187000
0.444694	0.444551	62.287000
0.445170	0.445034	62.387000
0.445820	0.445686	62.487000
0.446539	0.446415	62.587000
0.444893	0.444758	62.687000
0.439456	0.439335	62.787000
0.435305	0.435170	62.887000
0.432660	0.432535	62.987000
0.431233	0.431116	63.087000
0.430550	0.430410	63.187000
0.430407	0.430272	63.287000
0.430594	0.430464	63.387000
0.431060	0.430917	63.487000
0.431700	0.431569	63.587000
0.432427	0.432286	63.687000
0.433197	0.433066	63.787000
0.433341	0.433190	63.887000
0.429159	0.429052	63.987000
0.424494	0.424373	64.087000
0.421410	0.421285	64.187000
0.419619	0.419476	64.287000
0.418726	0.418609	64.387000
0.418380	0.418253	64.487000
0.418445	0.418305	64.587000
0.418728	0.418585	64.687000
0.419261	0.419127	64.787000
0.419883	0.419739	64.887000
0.420035	0.419914	64.987000
0.416131	0.416019	65.087000
0.411734	0.411595	65.187000
0.408828	0.408699	65.288000
0.407193	0.407063	65.387000
0.406262	0.406126	65.487000
0.406001	0.405863	65.587000
0.405959	0.405833	65.687000
0.406323	0.406196	65.787000
0.406768	0.406633	65.887000
0.407429	0.407292	65.987000
0.407772	0.407653	66.087000
0.404813	0.404683	66.187000
0.400456	0.400325	66.287000
0.397553	0.397431	66.387000
0.395801	0.395688	66.487000
0.394872	0.394751	66.587000
0.394502	0.394384	66.687000
0.394566	0.394428	66.787000
0.394803	0.394662	66.887000
0.395247	0.395114	66.987000
0.395759	0.395634	67.087000
0.396453	0.396323	67.187000
0.395228	0.395098	67.287000
0.391101	0.390972	67.387000
0.387721	0.387598	67.487000
0.385747	0.385627	67.587000
0.384529	0.384413	67.687000
0.384050	0.383923	67.787000
0.383889	0.383762	67.887000
0.384098	0.383963	67.987000
0.384421	0.384304	68.087000
0.384967	0.384832	68.187000
0.385403	0.385268	68.287000
0.383415	0.383289	68.387000
0.379466	0.379344	68.487000
0.376695	0.376574	68.587000
0.374983	0.374864	68.688000
0.374087	0.373963	68.787000
0.373696	0.373574	68.887000
0.373658	0.373516	68.987000
0.373804	0.373685	69.087000
0.374257	0.374132	69.187000
0.374670	0.374538	69.287000
0.375084	0.374954	69.387000
0.372600	0.372492	69.487000
0.369012	0.368889	69.587000
0.366498	0.366375	69.687000
0.365066	0.364940	69.788000
0.364310	0.364177	69.887000
0.364068	0.363948	69.987000
0.364059	0.363943	70.087000
0.364301	0.364172	70.187000
0.364655	0.364517	70.287000
0.365145	0.364998	70.387000
0.365192	0.365063	70.487000
0.362332	0.362207	70.587000
0.359024	0.358908	70.687000
0.356994	0.356862	70.787000
0.355778	0.355662	70.887000
0.355178	0.355051	70.987000
0.354898	0.354791	71.087000
0.354995	0.354871	71.187000
0.355292	0.355173	71.287000
0.355659	0.355530	71.387000
0.356089	0.355969	71.487000
0.354666	0.354550	71.587000
0.351372	0.351254	71.687000
0.348869	0.348734	71.787000
0.347426	0.347296	71.887000
0.346591	0.346475	71.987000
0.346293	0.346170	72.087000
0.346205	0.346079	72.187000
0.346448	0.346324	72.287000
0.346751	0.346620	72.387000
0.347160	0.347030	72.487000
0.345602	0.345497	72.587000
0.342473	0.342363	72.687000
0.340246	0.340130	72.787000
0.338902	0.338767	72.887000
0.338115	0.337989	72.987000
0.337863	0.337733	73.087000
0.337771	0.337652	73.187000
0.338014	0.337898	73.287000
0.338295	0.338170	73.387000
0.338754	0.338622	73.487000
0.338776	0.338661	73.587000
0.336386	0.336267	73.687000
0.333625	0.333514	73.787000
0.331883	0.331768	73.887000
0.330862	0.330741	73.987000
0.330398	0.330277	74.087000
0.330202	0.330089	74.187000
0.330312	0.330189	74.287000
0.330517	0.330390	74.387000
0.330857	0.330724	74.487000
0.330997	0.330885	74.587000
0.329122	0.329010	74.687000
0.326402	0.326284	74.787000
0.324587	0.324465	74.887000
0.323517	0.323407	74.987000
0.323035	0.322913	75.087000
0.322737	0.322625	75.187000
0.322830	0.322727	75.287000
0.323016	0.322894	75.387000
0.323374	0.323249	75.487000
0.323737	0.323610	75.587000
0.323460	0.323348	75.687000
0.320918	0.320803	75.787000
0.318677	0.318553	75.887000
0.317254	0.317133	75.987000
0.316470	0.316354	76.087000
0.316046	0.315927	76.187000
0.315965	0.315843	76.287000
0.316089	0.315973	76.387000
0.316365	0.316230	76.487000
0.316665	0.316557	76.587000
0.316675	0.316563	76.687000
0.314499	0.314387	76.787000
0.312241	0.312119	76.887000
0.310677	0.310560	76.987000
0.309863	0.309746	77.087000
0.309449	0.309325	77.187000
0.309346	0.309239	77.287000
0.309423	0.309304	77.387000
0.309693	0.309570	77.487000
0.309974	0.309860	77.587000
0.310351	0.310243	77.687000
0.310533	0.310419	77.787000
0.308723	0.308611	77.887000
0.306446	0.306329	77.987000
0.304959	0.304835	78.087000
0.304049	0.303928	78.187000
0.303607	0.303499	78.287000
0.303505	0.303390	78.387000
0.303570	0.303438	78.487000
0.303749	0.303625	78.587000
0.304040	0.303918	78.687000
0.303779	0.303676	78.787000
0.301585	0.301458	78.887000
0.299652	0.299545	78.987000
0.298380	0.298259	79.087000
0.297706	0.297599	79.187000
0.297397	0.297280	79.287000
0.297360	0.297254	79.387000
0.297360	0.297248	79.487000
0.297587	0.297456	79.587000
0.297859	0.297746	79.688000
0.298124	0.298013	79.787000
0.296829	0.296707	79.887000
0.294732	0.294617	79.987000
0.293201	0.293081	80.087000
0.292370	0.292252	80.187000
0.291835	0.291719	80.287000
0.291690	0.291578	80.387000
0.291678	0.291560	80.487000
0.291894	0.291765	80.587000
0.292113	0.291996	80.687000
0.292451	0.292349	80.787000
0.292523	0.292420	80.887000
0.290929	0.290814	80.987000
0.288938	0.288820	81.087000
0.287699	0.287587	81.187000
0.286908	0.286803	81.287000
0.286564	0.286444	81.387000
0.286407	0.286296	81.487000
0.286524	0.286401	81.587000
0.286647	0.286532	81.687000
0.286944	0.286824	81.787000
0.287012	0.286903	81.887000
0.285550	0.285429	81.987000
0.283630	0.283510	82.087000
0.282406	0.282287	82.187000
0.281627	0.281516	82.287000
0.281299	0.281190	82.387000
0.281154	0.281043	82.487000
0.281305	0.281187	82.587000
0.281462	0.281344	82.687000
0.281650	0.281544	82.787000
0.281893	0.281786	82.887000
0.281629	0.281511	82.987000
0.279771	0.279655	83.087000
0.278229	0.278123	83.187000
0.277259	0.277155	83.287000
0.276686	0.276566	83.387000
0.276330	0.276211	83.487000
0.276318	0.276200	83.587000
0.276454	0.276337	83.687000
0.276691	0.276583	83.787000
0.276929	0.276815	83.887000
0.277217	0.277108	83.987000
0.276954	0.276832	84.087000
0.275195	0.275093	84.187000
0.273640	0.273532	84.287000
0.272696	0.272583	84.387000
0.272109	0.271993	84.487000
0.271864	0.271751	84.587000
0.271804	0.271687	84.687000
0.271900	0.271797	84.787000
0.272094	0.271979	84.887000
0.272357	0.272253	84.987000
0.272616	0.272504	85.087000
0.272720	0.272607	85.187000
0.271256	0.271145	85.287000
0.269630	0.269525	85.387000
0.268569	0.268453	85.487000
0.268019	0.267910	85.587000
0.267711	0.267609	85.687000
0.267586	0.267468	85.787000
0.267649	0.267534	85.887000
0.267837	0.267712	85.987000
0.268059	0.267948	86.087000
0.268302	0.268184	86.187000
0.268576	0.268475	86.287000
0.267819	0.267693	86.387000
0.266185	0.266084	86.487000
0.264897	0.264776	86.587000
0.264146	0.264044	86.687000
0.263705	0.263578	86.787000
0.263578	0.263470	86.887000
0.263539	0.263426	86.987000
0.263682	0.263569	87.087000
0.263797	0.263688	87.187000
0.264090	0.263978	87.287000
0.264065	0.263963	87.387000
0.262810	0.262701	87.487000
0.261326	0.261211	87.587000
0.260382	0.260270	87.687000
0.259712	0.259603	87.787000
0.259488	0.259382	87.887000
0.259372	0.259254	87.987000
0.259538	0.259409	88.087000
0.259551	0.259422	88.187000
0.259788	0.259687	88.287000
0.259782	0.259666	88.387000
0.258592	0.258478	88.487000
0.257064	0.256946	88.588000
0.256175	0.256063	88.687000
0.255586	0.255482	88.787000
0.255323	0.255210	88.887000
0.255190	0.255073	88.987000
0.255274	0.255165	89.087000
0.255364	0.255241	89.187000
0.255576	0.255472	89.287000
0.255787	0.255679	89.387000
0.256081	0.255969	89.487000
0.256138	0.256026	89.587000
0.254940	0.254825	89.687000
0.253457	0.253342	89.787000
0.252562	0.252456	89.887000
0.252037	0.251924	89.987000
0.251833	0.251721	90.087000
0.251749	0.251622	90.187000
0.251828	0.251716	90.287000
0.251949	0.251839	90.387000
0.252155	0.252044	90.487000
0.252331	0.252220	90.587000
0.252571	0.252465	90.687000
0.251709	0.251595	90.787000
0.250308	0.250205	90.887000
0.249266	0.249157	90.987000
0.248691	0.248573	91.087000
0.248358	0.248238	91.187000
0.248252	0.248138	91.287000
0.248219	0.248113	91.387000
0.248383	0.248287	91.487000
0.248533	0.248406	91.587000
0.248790	0.248670	91.687000
0.248949	0.248834	91.787000
0.248140	0.248023	91.887000
0.246724	0.246615	91.987000
0.245763	0.245657	92.087000
0.245169	0.245059	92.187000
0.244899	0.244778	92.287000
0.244766	0.244659	92.387000
0.244796	0.244683	92.487000
0.244863	0.244741	92.587000
0.245006	0.244894	92.687000
0.245215	0.245104	92.787000
0.245397	0.245286	92.887000
0.245257	0.245153	92.987000
0.243983	0.243875	93.087000
0.242836	0.242723	93.187000
0.242123	0.242002	93.287000
0.241655	0.241559	93.387000
0.241487	0.241382	93.487000
0.241459	0.241354	93.587000
0.241519	0.241385	93.687000
0.241685	0.241581	93.787000
0.241843	0.241709	93.887000
0.242051	0.241945	93.987000
0.242216	0.242106	94.087000
0.241881	0.241772	94.187000
0.240570	0.240437	94.287000
0.239570	0.239462	94.387000
0.238905	0.238801	94.487000
0.238562	0.238447	94.587000
0.238358	0.238246	94.687000
0.238389	0.238270	94.787000
0.238463	0.238342	94.887000
0.238615	0.238502	94.987000
0.238739	0.238623	95.087000
0.238978	0.238868	95.187000
0.239056	0.238939	95.287000
0.238171	0.238055	95.387000
0.236935	0.236823	95.487000
0.236152	0.236056	95.587000
0.235635	0.235515	95.687000
0.235405	0.235292	95.787000
0.235254	0.235137	95.887000
0.235315	0.235203	95.987000
0.235392	0.235283	96.087000
0.235614	0.235508	96.187000
0.235799	0.235675	96.287000
0.235943	0.235822	96.387000
0.235033	0.234929	96.487000
0.233868	0.233765	96.587000
0.232993	0.232878	96.687000
0.232517	0.232403	96.787000
0.232250	0.232147	96.887000
0.232206	0.232106	96.987000
0.232206	0.232098	97.087000
0.232374	0.232274	97.187000
0.232500	0.232390	97.287000
0.232712	0.232592	97.387000
0.232917	0.232816	97.487000
0.232991	0.232885	97.587000
0.231989	0.231874	97.687000
0.230853	0.230745	97.787000
0.230063	0.229951	97.887000
0.229696	0.229588	97.987000
0.229471	0.229363	98.087000
0.229429	0.229322	98.187000
0.229440	0.229331	98.287000
0.229555	0.229440	98.387000
0.229707	0.229599	98.487000
0.229919	0.229805	98.587000
0.230090	0.229988	98.687000
0.229797	0.229687	98.787000
0.228644	0.228531	98.887000
0.227706	0.227593	98.987000
0.227089	0.226984	99.087000
0.226774	0.226660	99.187000
0.226629	0.226519	99.287000
0.226590	0.226472	99.387000
0.226647	0.226532	99.487000
0.226814	0.226710	99.587000
0.226951	0.226839	99.687000
0.227140	0.227027	99.787000
0.227166	0.227057	99.887000
0.226255	0.226136	99.987000
0.225227	0.225129	100.087000
0.224577	0.224468	100.187000
0.224133	0.224027	100.287000
0.223973	0.223860	100.387000
0.223896	0.223790	100.487000
0.223897	0.223794	100.587000
0.224011	0.223918	100.687000
0.224169	0.224058	100.787000
0.224274	0.224161	100.887000
0.224444	0.224324	100.987000
0.224364	0.224261	101.087000
0.223362	0.223240	101.187000
0.222435	0.222346	101.287000
0.221840	0.221715	101.387000
0.221561	0.221454	101.487000
0.221344	0.221236	101.587000
0.221269	0.221163	101.687000
0.221282	0.221170	101.787000
0.221416	0.221310	101.887000
0.221610	0.221504	101.987000
0.221798	0.221701	102.087000
0.221417	0.221318	102.187000
0.220425	0.220314	102.287000
0.219559	0.219448	102.387000
0.219031	0.218930	102.487000
0.218692	0.218585	102.587000
0.218593	0.218489	102.687000
0.218524	0.218405	102.787000
0.218617	0.218508	102.887000
0.218733	0.218619	102.987000
0.218868	0.218765	103.087000
0.218874	0.218766	103.187000
0.218102	0.217995	103.287000
0.217107	0.216998	103.387000
0.216502	0.216389	103.487000
0.216059	0.215960	103.587000
0.215912	0.215809	103.687000
0.215795	0.215673	103.787000
0.215867	0.215748	103.887000
0.215991	0.215886	103.987000
0.216111	0.216011	104.087000
0.216146	0.216038	104.187000
0.215647	0.215533	104.287000
0.214639	0.214523	104.387000
0.213943	0.213820	104.487000
0.213466	0.213361	104.587000
0.213269	0.213172	104.687000
0.213165	0.213067	104.787000
0.213205	0.213091	104.887000
0.213275	0.213165	104.987000
0.213381	0.213265	105.087000
0.213482	0.213380	105.187000
0.213686	0.213565	105.287000
0.213773	0.213667	105.387000
0.213243	0.213130	105.487000
0.212262	0.212176	105.587000
0.211583	0.211468	105.687000
0.211152	0.211062	105.787000
0.210970	0.210856	105.887000
0.210850	0.210744	105.987000
0.210871	0.210754	106.087000
0.210911	0.210802	106.187000
0.211096	0.210990	106.287000
0.211230	0.211128	106.387000
0.211386	0.211274	106.487000
0.211274	0.211163	106.587000
0.210422	0.210312	106.687000
0.209606	0.209520	106.787000
0.209065	0.208957	106.887000
0.208722	0.208611	106.987000
0.208613	0.208509	107.087000
0.208586	0.208479	107.187000
0.208609	0.208503	107.287000
0.208671	0.208567	107.387000
0.208864	0.208743	107.487000
0.208926	0.208824	107.587000
0.208379	0.208273	107.687000
0.207482	0.207384	107.787000
0.206858	0.206749	107.887000
0.206396	0.206287	107.987000
0.206236	0.206140	108.087000
0.206128	0.206036	108.187000
0.206197	0.206084	108.287000
0.206203	0.206110	108.387000
0.206333	0.206212	108.487000
0.206478	0.206379	108.587000
0.206567	0.206455	108.687000
0.206214	0.206116	108.787000
0.205354	0.205254	108.887000
0.204774	0.204671	108.987000
0.204357	0.204247	109.087000
0.204152	0.204066	109.187000
0.204059	0.203954	109.287000
0.204055	0.203938	109.387000
0.204074	0.203967	109.487000
0.204186	0.204074	109.587000
0.204262	0.204160	109.687000
0.204449	0.204339	109.787000
0.204135	0.204034	109.887000
0.203366	0.203245	109.987000
0.202612	0.202509	110.087000
0.202243	0.202141	110.187000
0.201925	0.201813	110.287000
0.201865	0.201754	110.387000
0.201832	0.201730	110.487000
0.201887	0.201773	110.587000
0.201912	0.201802	110.687000
0.202107	0.201995	110.787000
0.201658	0.201568	110.887000
0.200846	0.200736	110.987000
0.200154	0.200055	111.087000
0.199831	0.199724	111.187000
0.199620	0.199525	111.287000
0.199558	0.199439	111.387000
0.199493	0.199390	111.487000
0.199601	0.199502	111.587000
0.199645	0.199544	111.687000
0.199793	0.199687	111.787000
0.199814	0.199701	111.887000
0.199273	0.199147	111.987000
0.198450	0.198343	112.087000
0.197958	0.197855	112.187000
0.197608	0.197508	112.287000
0.197457	0.197340	112.387000
0.197386	0.197279	112.487000
0.197413	0.197304	112.587000
0.197454	0.197346	112.687000
0.197559	0.197458	112.787000
0.197671	0.197561	112.887000
0.197382	0.197279	112.987000
0.196579	0.196473	113.087000
0.195994	0.195889	113.187000
0.195605	0.195499	113.287000
0.195415	0.195301	113.387000
0.195283	0.195176	113.487000
0.195324	0.195216	113.587000
0.195332	0.195229	113.687000
0.195364	0.195264	113.787000
0.195374	0.195271	113.887000
0.194841	0.194731	113.987000
0.194072	0.193957	114.087000
0.193584	0.193482	114.187000
0.193278	0.193177	114.287000
0.193171	0.193068	114.387000
0.193090	0.192963	114.487000
0.193104	0.192995	114.587000
0.193165	0.193057	114.687000
0.193294	0.193182	114.787000
0.193399	0.193286	114.887000
0.193517	0.193409	114.987000
0.193028	0.192912	115.087000
0.192272	0.192169	115.187000
0.191751	0.191646	115.287000
0.191436	0.191332	115.387000
0.191238	0.191120	115.487000
0.191219	0.191120	115.587000
0.191223	0.191110	115.687000
0.191268	0.191168	115.787000
0.191364	0.191261	115.887000
0.191421	0.191311	115.987000
0.190969	0.190873	116.087000
0.190215	0.190114	116.187000
0.189726	0.189627	116.287000
0.189397	0.189273	116.387000
0.189285	0.189177	116.487000
0.189216	0.189098	116.587000
0.189241	0.189137	116.687000
0.189271	0.189165	116.787000
0.189229	0.189109	116.887000
0.188541	0.188435	116.987000
0.187934	0.187827	117.087000
0.187433	0.187326	117.187000
0.187201	0.187111	117.287000
0.187043	0.186942	117.387000
0.187023	0.186922	117.487000
0.187011	0.186901	117.587000
0.187134	0.187038	117.687000
0.187162	0.187058	117.787000
0.187029	0.186922	117.887000
0.186338	0.186228	117.987000
0.185811	0.185707	118.087000
0.185424	0.185327	118.187000
0.185266	0.185174	118.287000
0.185103	0.184991	118.387000
0.185129	0.185021	118.487000
0.185129	0.185006	118.587000
0.185208	0.185110	118.687000
0.185114	0.185021	118.787000
0.184568	0.184442	118.887000
0.183913	0.183807	118.987000
0.183554	0.183439	119.087000
0.183286	0.183190	119.187000
0.183189	0.183093	119.287000
0.183105	0.182994	119.387000
0.183166	0.183060	119.487000
0.183234	0.183117	119.587000
0.183341	0.183250	119.687000
0.183387	0.183273	119.787000
0.182931	0.182835	119.887000
0.182250	0.182124	119.987000
0.181865	0.181772	120.087000
0.181583	0.181488	120.187000
0.181441	0.181340	120.287000
0.181375	0.181275	120.387000
0.181440	0.181329	120.487000
0.181483	0.181371	120.587000
0.181530	0.181437	120.687000
0.181576	0.181476	120.787000
0.181227	0.181124	120.887000
0.180615	0.180495	120.987000
0.180122	0.180027	121.087000
0.179832	0.179739	121.187000
0.179709	0.179599	121.287000
0.179649	0.179537	121.387000
0.179664	0.179555	121.487000
0.179701	0.179588	121.587000
0.179796	0.179686	121.687000
0.179865	0.179767	121.788000
0.179829	0.179730	121.887000
0.179253	0.179141	121.987000
0.178738	0.178629	122.087000
0.178322	0.178226	122.187000
0.178145	0.178038	122.287000
0.178032	0.177926	122.387000
0.178011	0.177902	122.487000
0.178025	0.177920	122.587000
0.178089	0.177975	122.687000
0.178152	0.178052	122.787000
0.178060	0.177953	122.887000
0.177509	0.177400	122.987000
0.177014	0.176912	123.087000
0.176683	0.176598	123.187000
0.176484	0.176374	123.287000
0.176390	0.176282	123.387000
0.176314	0.176204	123.487000
0.176345	0.176255	123.587000
0.176390	0.176275	123.687000
0.176488	0.176400	123.787000
0.176321	0.176215	123.887000
0.175837	0.175733	123.987000
0.175304	0.175200	124.087000
0.174982	0.174878	124.187000
0.174737	0.174636	124.287000
0.174670	0.174565	124.387000
0.174680	0.174565	124.487000
0.174741	0.174635	124.587000
0.174738	0.174636	124.687000
0.174834	0.174731	124.787000
0.174488	0.174389	124.887000
0.173942	0.173839	124.987000
0.173494	0.173388	125.087000
0.173316	0.173222	125.187000
0.173179	0.173078	125.287000
0.173127	0.173027	125.387000
0.173044	0.172938	125.487000
0.173061	0.172967	125.587000
0.173109	0.173005	125.687000
0.173049	0.172950	125.787000
0.172479	0.172369	125.887000
0.172043	0.171936	125.987000
0.171712	0.171610	126.087000
0.171582	0.171481	126.187000
0.171466	0.171357	126.287000
0.171443	0.171332	126.387000
0.171425	0.171312	126.487000
0.171495	0.171401	126.587000
0.171580	0.171484	126.687000
0.171502	0.171397	126.787000
0.170941	0.170836	126.887000
0.170512	0.170410	126.987000
0.170168	0.170066	127.087000
0.170034	0.169944	127.187000
0.169955	0.169851	127.287000
0.169989	0.169878	127.388000
0.169993	0.169881	127.487000
0.170063	0.169962	127.587000
0.170027	0.169939	127.687000
0.169569	0.169447	127.787000
0.169036	0.168931	127.887000
0.168715	0.168605	127.987000
0.168509	0.168398	128.087000
0.168379	0.168264	128.187000
0.168324	0.168231	128.287000
0.168395	0.168286	128.387000
0.168421	0.168314	128.487000
0.168462	0.168370	128.587000
0.168467	0.168362	128.687000
0.167982	0.167875	128.787000
0.167520	0.167415	128.887000
0.167272	0.167164	128.987000
0.167083	0.166987	129.087000
0.167004	0.166896	129.187000
0.166952	0.166849	129.287000
0.166939	0.166830	129.387000
0.166973	0.166868	129.487000
0.167028	0.166928	129.587000
0.166755	0.166659	129.687000
0.166262	0.166161	129.787000
0.165887	0.165783	129.887000
0.165654	0.165548	129.987000
0.165509	0.165406	130.087000
0.165434	0.165324	130.187000
0.165406	0.165303	130.287000
0.165517	0.165413	130.387000
0.165562	0.165466	130.487000
0.165585	0.165479	130.587000
0.165199	0.165114	130.687000
0.164689	0.164570	130.787000
0.164350	0.164253	130.887000
0.164178	0.164051	130.987000
0.164133	0.164050	131.087000
0.164102	0.163980	131.187000
0.164114	0.164014	131.287000
0.164101	0.164005	131.387000
0.164161	0.164055	131.487000
0.164110	0.163999	131.587000
0.163746	0.163648	131.687000
0.163261	0.163162	131.787000
0.163018	0.162909	131.887000
0.162787	0.162681	131.987000
0.162748	0.162644	132.087000
0.162639	0.162538	132.187000
0.162676	0.162569	132.287000
0.162686	0.162593	132.387000
0.162823	0.162710	132.487000
0.162813	0.162708	132.587000
0.162504	0.162402	132.687000
0.161992	0.161889	132.787000
0.161680	0.161572	132.887000
0.161466	0.161358	132.987000
0.161422	0.161310	133.087000
0.161347	0.161259	133.187000
0.161415	0.161317	133.287000
0.161410	0.161314	133.387000
0.161510	0.161397	133.487000
0.161457	0.161353	133.587000
0.161133	0.161021	133.687000
0.160656	0.160573	133.787000
0.160370	0.160254	133.887000
0.160142	0.160035	133.987000
0.160114	0.160008	134.087000
0.160079	0.159966	134.187000
0.160102	0.159999	134.287000
0.160106	0.160016	134.387000
0.160237	0.160136	134.487000
0.160206	0.160096	134.587000
0.159877	0.159759	134.687000
0.159344	0.159243	134.787000
0.159105	0.158997	134.887000
0.158915	0.158811	134.987000
0.158824	0.158715	135.087000
0.158776	0.158672	135.187000
0.158840	0.158731	135.287000
0.158827	0.158723	135.387000
0.158897	0.158798	135.487000
0.158864	0.158759	135.587000
0.158533	0.158431	135.687000
0.158076	0.157980	135.787000
0.157802	0.157696	135.887000
0.157619	0.157518	135.987000
0.157560	0.157456	136.087000
0.157547	0.157448	136.187000
0.157577	0.157457	136.287000
0.157574	0.157475	136.387000
0.157646	0.157542	136.487000
0.157546	0.157447	136.587000
0.157205	0.157093	136.687000
0.156826	0.156717	136.787000
0.156571	0.156472	136.887000
0.156392	0.156292	136.987000
0.156315	0.156195	137.087000
0.156278	0.156178	137.187000
0.156283	0.156178	137.287000
0.156315	0.156215	137.387000
0.156356	0.156261	137.487000
0.156048	0.155944	137.587000
0.155648	0.155545	137.687000
0.155341	0.155228	137.787000
0.155147	0.155047	137.887000
0.155069	0.154962	137.987000
0.155012	0.154904	138.087000
0.155046	0.154940	138.187000
0.155086	0.154982	138.287000
0.155168	0.155071	138.387000
0.155012	0.154902	138.487000
0.154590	0.154500	138.587000
0.154290	0.154169	138.687000
0.154084	0.153979	138.787000
0.153863	0.153764	138.887000
0.153822	0.153725	138.987000
0.153782	0.153678	139.087000
0.153856	0.153751	139.187000
0.153875	0.153775	139.287000
0.153986	0.153882	139.387000
0.153830	0.153736	139.487000
0.153483	0.153373	139.587000
0.153120	0.153017	139.687000
0.152928	0.152808	139.787000
0.152740	0.152634	139.887000
0.152727	0.152616	139.987000
0.152685	0.152584	140.087000
0.152726	0.152619	140.187000
0.152735	0.152633	140.287000
0.152815	0.152718	140.387000
0.152581	0.152487	140.487000
0.152205	0.152095	140.587000
0.151876	0.151776	140.687000
0.151754	0.151645	140.787000
0.151608	0.151505	140.887000
0.151604	0.151490	140.987000
0.151527	0.151423	141.087000
0.151611	0.151507	141.187000
0.151604	0.151500	141.287000
0.151681	0.151576	141.387000
0.151632	0.151529	141.487000
0.151330	0.151221	141.587000
0.150967	0.150856	141.687000
0.150733	0.150621	141.787000
0.150558	0.150454	141.887000
0.150511	0.150412	141.987000
0.150476	0.150375	142.087000
0.150516	0.150409	142.187000
0.150502	0.150397	142.287000
0.150571	0.150471	142.387000
0.150321	0.150222	142.487000
0.149968	0.149868	142.587000
0.149636	0.149519	142.687000
0.149465	0.149356	142.787000
0.149338	0.149234	142.887000
0.149335	0.149229	142.987000
0.149331	0.149226	143.087000
0.149392	0.149291	143.187000
0.149421	0.149321	143.287000
0.149382	0.149268	143.387000
0.149015	0.148914	143.487000
0.148662	0.148558	143.587000
0.148449	0.148336	143.687000
0.148323	0.148223	143.787000
0.148251	0.148141	143.887000
0.148250	0.148147	143.988000
0.148205	0.148102	144.087000
0.148226	0.148132	144.187000
0.148261	0.148156	144.287000
0.148049	0.147949	144.387000
0.147700	0.147590	144.487000
0.147441	0.147346	144.587000
0.147293	0.147197	144.687000
0.147153	0.147049	144.787000
0.147135	0.147024	144.887000
0.147151	0.147050	144.987000
0.147160	0.147068	145.087000
0.147146	0.147035	145.187000
0.146831	0.146731	145.287000
0.146508	0.146405	145.387000
0.146338	0.146235	145.487000
0.146145	0.146039	145.587000
0.146040	0.145951	145.687000
0.145931	0.145823	145.787000
0.145997	0.145887	145.887000
0.145984	0.145880	145.987000
0.146090	0.145998	146.087000
0.145967	0.145875	146.187000
0.145656	0.145534	146.287000
0.145324	0.145239	146.387000
0.145211	0.145112	146.487000
0.145023	0.144914	146.587000
0.145037	0.144943	146.687000
0.144992	0.144893	146.787000
0.144994	0.144890	146.887000
0.144971	0.144867	146.987000
0.144919	0.144810	147.087000
0.144571	0.144464	147.187000
0.144265	0.144166	147.287000
0.144067	0.143972	147.387000
0.144027	0.143926	147.487000
0.143936	0.143812	147.587000
0.143938	0.143842	147.687000
0.143917	0.143820	147.787000
0.144004	0.143894	147.887000
0.143813	0.143705	147.987000
0.143490	0.143385	148.087000
0.143166	0.143076	148.187000
0.143083	0.142980	148.287000
0.142947	0.142843	148.387000
0.142925	0.142822	148.487000
0.142892	0.142790	148.587000
0.142917	0.142807	148.687000
0.142919	0.142820	148.787000
0.142940	0.142833	148.887000
0.142649	0.142525	148.987000
0.142366	0.142270	149.087000
0.142145	0.142061	149.187000
0.142027	0.141915	149.287000
0.141950	0.141841	149.387000
0.141951	0.141844	149.488000
0.141955	0.141845	149.587000
0.141970	0.141876	149.687000
0.142020	0.141914	149.787000
0.142020	0.141918	149.887000
0.141861	0.141752	149.987000
0.141566	0.141460	150.087000
0.141328	0.141231	150.187000
0.141145	0.141048	150.287000
0.141037	0.140929	150.387000
0.141004	0.140907	150.487000
0.140997	0.140884	150.587000
0.141017	0.140923	150.687000
0.141065	0.140973	150.787000
0.141010	0.140912	150.887000
0.140663	0.140557	150.987000
0.140378	0.140274	151.087000
0.140177	0.140080	151.187000
0.140112	0.140008	151.287000
0.140078	0.139974	151.387000
0.140111	0.140007	151.487000
0.140183	0.140079	151.587000
0.140150	0.140046	151.687000
0.140158	0.140065	151.787000
0.140105	0.140006	151.887000
0.139822	0.139717	151.987000
0.139565	0.139458	152.087000
0.139365	0.139276	152.187000
0.139242	0.139148	152.287000
0.139197	0.139085	152.387000
0.139197	0.139091	152.487000
0.139231	0.139131	152.587000
0.139224	0.139112	152.687000
0.139217	0.139134	152.787000
0.138891	0.138787	152.887000
0.138620	0.138521	152.987000
0.138389	0.138273	153.087000
0.138324	0.138224	153.187000
0.138232	0.138130	153.287000
0.138247	0.138140	153.387000
0.138199	0.138088	153.487000
0.138288	0.138180	153.587000
0.138293	0.138197	153.687000
0.138170	0.138068	153.787000
0.137833	0.137738	153.887000
0.137605	0.137497	153.987000
0.137419	0.137319	154.087000
0.137411	0.137320	154.187000
0.137328	0.137231	154.287000
0.137340	0.137237	154.387000
0.137360	0.137252	154.487000
0.137324	0.137219	154.587000
0.136990	0.136876	154.687000
0.136741	0.136644	154.787000
0.136560	0.136455	154.887000
0.136496	0.136390	154.987000
0.136379	0.136272	155.087000
0.136363	0.136260	155.187000
0.136330	0.136230	155.287000
0.136407	0.136304	155.387000
0.136401	0.136291	155.487000
0.136272	0.136177	155.587000
0.135980	0.135870	155.687000
0.135792	0.135695	155.787000
0.135614	0.135512	155.887000
0.135580	0.135477	155.987000
0.135534	0.135418	156.087000
0.135556	0.135450	156.187000
0.135513	0.135414	156.287000
0.135555	0.135452	156.387000
0.135631	0.135521	156.487000
0.135450	0.135339	156.587000
0.135117	0.135013	156.687000
0.134939	0.134848	156.787000
0.134790	0.134689	156.887000
0.134737	0.134631	156.987000
0.134697	0.134590	157.087000
0.134721	0.134615	157.187000
0.134732	0.134633	157.287000
0.134664	0.134565	157.387000
0.134381	0.134272	157.487000
0.134134	0.134029	157.587000
0.133956	0.133856	157.687000
0.133900	0.133801	157.787000
0.133800	0.133696	157.887000
0.133759	0.133659	157.987000
0.133747	0.133651	158.087000
0.133754	0.133648	158.187000
0.133456	0.133361	158.287000
0.133209	0.133108	158.387000
0.133052	0.132941	158.487000
0.132952	0.132849	158.587000
0.132875	0.132765	158.687000
0.132851	0.132760	158.787000
0.132916	0.132816	158.887000
0.132932	0.132837	158.987000
0.132894	0.132774	159.087000
0.132681	0.132576	159.187000
0.132400	0.132310	159.287000
0.132218	0.132119	159.388000
0.132164	0.132056	159.488000
0.132111	0.132011	159.587000
0.132086	0.131986	159.687000
0.132052	0.131955	159.787000
0.132060	0.131972	159.887000
0.132077	0.131975	159.987000
0.132023	0.131916	160.087000
0.131693	0.131565	160.187000
0.131505	0.131416	160.287000
0.131343	0.131243	160.387000
0.131296	0.131193	160.487000
0.131227	0.131118	160.587000
0.131274	0.131180	160.687000
0.131250	0.131150	160.787000
0.131301	0.131205	160.887000
0.131197	0.131093	160.987000
0.130987	0.130885	161.087000
0.130706	0.130586	161.187000
0.130614	0.130516	161.287000
0.130503	0.130406	161.387000
0.130471	0.130380	161.487000
0.130444	0.130333	161.587000
0.130513	0.130411	161.687000
0.130434	0.130327	161.787000
0.130248	0.130145	161.887000
0.129909	0.129811	161.987000
0.129771	0.129672	162.087000
0.129624	0.129512	162.187000
0.129592	0.129493	162.287000
0.129576	0.129483	162.387000
0.129632	0.129529	162.487000
0.129634	0.129530	162.587000
0.129684	0.129589	162.687000
0.129503	0.129403	162.787000
0.129226	0.129132	162.887000
0.128992	0.128893	162.987000
0.128937	0.128845	163.087000
0.128861	0.128751	163.187000
0.128833	0.128721	163.287000
0.128828	0.128726	163.387000
0.128826	0.128727	163.487000
0.128856	0.128751	163.587000
0.128924	0.128831	163.687000
0.128766	0.128656	163.787000
0.128518	0.128425	163.887000
0.128305	0.128196	163.987000
0.128217	0.128111	164.087000
0.128125	0.128019	164.187000
0.128139	0.128030	164.287000
0.128149	0.128059	164.387000
0.128167	0.128068	164.487000
0.128072	0.127960	164.587000
0.127885	0.127775	164.687000
0.127663	0.127551	164.787000
0.127442	0.127350	164.887000
0.127341	0.127231	164.987000
0.127322	0.127220	165.087000
0.127303	0.127196	165.187000
0.127306	0.127206	165.287000
0.127332	0.127244	165.387000
0.127394	0.127304	165.487000
0.127246	0.127149	165.587000
0.126935	0.126827	165.687000
0.126763	0.126665	165.787000
0.126637	0.126533	165.887000
0.126596	0.126494	165.987000
0.126614	0.126516	166.087000
0.126618	0.126505	166.187000
0.126646	0.126538	166.287000
0.126553	0.126454	166.387000
0.126327	0.126226	166.487000
0.126095	0.126005	166.587000
0.126004	0.125886	166.687000
0.125914	0.125821	166.787000
0.125842	0.125734	166.887000
0.125797	0.125707	166.987000
0.125843	0.125738	167.087000
0.125864	0.125772	167.187000
0.125793	0.125676	167.287000
0.125569	0.125479	167.387000
0.125327	0.125220	167.487000
0.125254	0.125160	167.587000
0.125128	0.125023	167.687000
0.125107	0.125012	167.787000
0.125069	0.124968	167.887000
0.125133	0.125039	167.987000
0.125087	0.124982	168.087000
0.125031	0.124921	168.187000
0.124745	0.124626	168.287000
0.124592	0.124493	168.387000
0.124435	0.124341	168.487000
0.124411	0.124316	168.587000
0.124311	0.124214	168.687000
0.124321	0.124230	168.787000
0.124318	0.124220	168.887000
0.124409	0.124310	168.987000
0.124248	0.124147	169.087000
0.124051	0.123955	169.187000
0.123821	0.123711	169.287000
0.123755	0.123641	169.387000
0.123665	0.123561	169.487000
0.123693	0.123594	169.587000
0.123700	0.123595	169.687000
0.123698	0.123607	169.787000
0.123711	0.123605	169.887000
0.123600	0.123493	169.987000
0.123328	0.123233	170.087000
0.123178	0.123085	170.187000
0.123030	0.122927	170.287000
0.122989	0.122886	170.387000
0.122974	0.122874	170.487000
0.122984	0.122897	170.587000
0.122939	0.122842	170.687000
0.122973	0.122877	170.787000
0.122839	0.122739	170.887000
0.122644	0.122538	170.987000
0.122437	0.122341	171.087000
0.122347	0.122251	171.187000
0.122322	0.122211	171.287000
0.122310	0.122195	171.387000
0.122317	0.122208	171.487000
0.122380	0.122277	171.587000
0.122337	0.122249	171.688000
0.122284	0.122179	171.787000
0.122061	0.121955	171.887000
0.121902	0.121782	171.987000
0.121811	0.121703	172.087000
0.121697	0.121604	172.187000
0.121663	0.121556	172.287000
0.121656	0.121553	172.387000
0.121686	0.121588	172.487000
0.121714	0.121619	172.587000
0.121600	0.121508	172.687000
0.121398	0.121297	172.788000
0.121193	0.121090	172.887000
0.121063	0.120948	172.987000
0.121015	0.120921	173.087000
0.121038	0.120934	173.187000
0.121041	0.120950	173.287000
0.121016	0.120912	173.387000
0.120953	0.120868	173.487000
0.120814	0.120713	173.587000
0.120600	0.120504	173.687000
0.120489	0.120379	173.787000
0.120370	0.120278	173.888000
0.120312	0.120198	173.987000
0.120339	0.120252	174.087000
0.120357	0.120250	174.187000
0.120373	0.120278	174.287000
0.120325	0.120220	174.387000
0.120245	0.120154	174.487000
0.119988	0.119887	174.587000
0.119863	0.119766	174.687000
0.119711	0.119611	174.787000
0.119698	0.119600	174.887000
0.119639	0.119526	174.987000
0.119662	0.119568	175.087000
0.119671	0.119581	175.187000
0.119692	0.119598	175.287000
0.119471	0.119365	175.387000
0.119304	0.119197	175.487000
0.119162	0.119065	175.587000
0.119084	0.118994	175.687000
0.119000	0.118900	175.787000
0.119042	0.118942	175.887000
0.119011	0.118914	175.987000
0.119043	0.118933	176.087000
0.118865	0.118770	176.187000
0.118696	0.118599	176.287000
0.118521	0.118427	176.387000
0.118431	0.118324	176.487000
0.118354	0.118244	176.587000
0.118402	0.118299	176.687000
0.118363	0.118259	176.787000
0.118393	0.118298	176.887000
0.118320	0.118207	176.987000
0.118174	0.118062	177.087000
0.117954	0.117848	177.187000
0.117884	0.117788	177.287000
0.117757	0.117656	177.387000
0.117704	0.117603	177.487000
0.117692	0.117590	177.587000
0.117733	0.117639	177.687000
0.117727	0.117623	177.787000
0.117664	0.117565	177.887000
0.117453	0.117361	177.987000
0.117322	0.117205	178.087000
0.117216	0.117127	178.187000
0.117181	0.117080	178.287000
0.117092	0.117013	178.387000
0.117091	0.116974	178.487000
0.117104	0.117010	178.587000
0.117155	0.117056	178.687000
0.117082	0.116981	178.787000
0.116879	0.116774	178.887000
0.116671	0.116584	178.987000
0.116593	0.116483	179.087000
0.116498	0.116403	179.187000
0.116526	0.116424	179.287000
0.116528	0.116442	179.387000
0.116511	0.116412	179.487000
0.116542	0.116449	179.587000
0.116565	0.116461	179.687000
0.116432	0.116336	179.787000
0.116260	0.116169	179.887000
0.116101	0.116005	179.987000
0.116065	0.115964	180.087000
0.116019	0.115903	180.187000
0.115994	0.115897	180.287000
0.115975	0.115870	180.387000
0.115968	0.115868	180.487000
0.115943	0.115845	180.587000
0.115923	0.115815	180.687000
0.115745	0.115644	180.787000
0.115578	0.115476	180.887000
0.115469	0.115385	180.987000
0.115387	0.115270	181.087000
0.115389	0.115286	181.187000
0.115377	0.115257	181.287000
0.115392	0.115303	181.387000
0.115241	0.115129	181.487000
0.115094	0.114999	181.587000
0.114892	0.114775	181.687000
0.114798	0.114695	181.787000
0.114733	0.114625	181.887000
0.114740	0.114653	181.987000
0.114754	0.114657	182.087000
0.114744	0.114640	182.187000
0.114708	0.114610	182.287000
0.114634	0.114532	182.387000
0.114410	0.114310	182.487000
0.114324	0.114225	182.587000
0.114236	0.114128	182.687000
0.114230	0.114124	182.787000
0.114127	0.114017	182.887000
0.114136	0.114036	182.987000
0.114156	0.114055	183.087000
0.114175	0.114067	183.187000
0.113963	0.113866	183.287000
0.113837	0.113739	183.387000
0.113685	0.113589	183.487000
0.113653	0.113561	183.587000
0.113567	0.113482	183.687000
0.113618	0.113514	183.787000
0.113577	0.113484	183.887000
0.113581	0.113488	183.987000
0.113433	0.113336	184.087000
0.113294	0.113197	184.187000
0.113168	0.113062	184.287000
0.113105	0.113011	184.387000
0.113035	0.112934	184.487000
0.113004	0.112903	184.587000
0.112962	0.112858	184.687000
0.113019	0.112925	184.787000
0.112980	0.112869	184.887000
0.112859	0.112745	184.987000
0.112675	0.112588	185.087000
0.112528	0.112431	185.187000
0.112418	0.112316	185.287000
0.112438	0.112335	185.387000
0.112431	0.112328	185.487000
0.112448	0.112345	185.587000
0.112450	0.112374	185.687000
0.112330	0.112235	185.787000
0.112148	0.112048	185.887000
0.112035	0.111933	185.987000
0.111977	0.111878	186.087000
0.111927	0.111826	186.187000
0.111850	0.111745	186.287000
0.111870	0.111773	186.387000
0.111876	0.111770	186.487000
0.111770	0.111664	186.587000
0.111618	0.111527	186.687000
0.111492	0.111390	186.787000
0.111397	0.111296	186.887000
0.111358	0.111247	186.987000
0.111279	0.111179	187.087000
0.111284	0.111185	187.187000
0.111287	0.111193	187.287000
0.111327	0.111225	187.387000
0.111229	0.111131	187.487000
0.111066	0.110949	187.587000
0.110998	0.110895	187.687000
0.110869	0.110784	187.787000
0.110818	0.110720	187.887000
0.110803	0.110688	187.987000
0.110821	0.110732	188.087000
0.110787	0.110695	188.187000
0.110640	0.110553	188.287000
0.110509	0.110397	188.387000
0.110409	0.110306	188.487000
0.110261	0.110154	188.587000
0.110205	0.110107	188.687000
0.110204	0.110109	188.787000
0.110263	0.110167	188.887000
0.110245	0.110144	188.987000
0.110233	0.110130	189.087000
0.110070	0.109969	189.187000
0.109966	0.109879	189.287000
0.109837	0.109734	189.387000
0.109799	0.109705	189.487000
0.109733	0.109624	189.587000
0.109742	0.109640	189.687000
0.109742	0.109645	189.787000
0.109761	0.109676	189.887000
0.109625	0.109513	189.987000
0.109498	0.109393	190.087000
0.109316	0.109224	190.187000
0.109278	0.109187	190.287000
0.109211	0.109118	190.387000
0.109232	0.109136	190.487000
0.109187	0.109086	190.587000
0.109186	0.109086	190.687000
0.109138	0.109043	190.787000
0.109064	0.108962	190.887000
0.108834	0.108739	190.987000
0.108781	0.108673	191.087000
0.108713	0.108605	191.187000
0.108731	0.108634	191.287000
0.108694	0.108603	191.387000
0.108687	0.108593	191.487000
0.108668	0.108561	191.587000
0.108593	0.108491	191.687000
0.108382	0.108287	191.787000
0.108327	0.108234	191.887000
0.108237	0.108143	191.987000
0.108212	0.108109	192.087000
0.108139	0.108033	192.187000
0.108187	0.108090	192.287000
0.108162	0.108075	192.387000
0.108070	0.107972	192.487000
0.107892	0.107777	192.587000
0.107801	0.107689	192.687000
0.107711	0.107620	192.787000
0.107751	0.107649	192.887000
0.107710	0.107602	192.987000
0.107691	0.107584	193.087000
0.107661	0.107567	193.187000
0.107616	0.107499	193.287000
0.107411	0.107315	193.387000
0.107298	0.107202	193.487000
0.107230	0.107120	193.587000
0.107200	0.107103	193.687000
0.107125	0.107031	193.787000
0.107130	0.107038	193.887000
0.107140	0.107043	193.987000
0.107144	0.107033	194.087000
0.107082	0.106976	194.187000
0.106985	0.106889	194.287000
0.106870	0.106772	194.387000
0.106812	0.106704	194.487000
0.106770	0.106673	194.587000
0.106763	0.106649	194.687000
0.106720	0.106624	194.787000
0.106702	0.106603	194.887000
0.106701	0.106600	194.987000
0.106594	0.106477	195.087000
0.106463	0.106365	195.187000
0.106355	0.106245	195.287000
0.106261	0.106165	195.387000
0.106194	0.106090	195.487000
0.106235	0.106146	195.587000
0.106223	0.106112	195.687000
0.106258	0.106154	195.787000
0.106185	0.106093	195.887000
0.106098	0.105997	195.987000
0.105902	0.105807	196.087000
0.105831	0.105740	196.187000
0.105754	0.105649	196.287000
0.105758	0.105653	196.387000
0.105719	0.105619	196.487000
0.105722	0.105635	196.587000
0.105693	0.105590	196.687000
0.105705	0.105601	196.787000
0.105546	0.105445	196.887000
0.105435	0.105324	196.987000
0.105325	0.105223	197.087000
0.105350	0.105251	197.187000
0.105280	0.105174	197.287000
0.105269	0.105166	197.387000
0.105231	0.105135	197.487000
0.105294	0.105196	197.587000
0.105282	0.105173	197.687000
0.105230	0.105122	197.787000
0.105063	0.104958	197.887000
0.104975	0.104882	197.987000
0.104889	0.104785	198.087000
0.104834	0.104736	198.187000
0.104807	0.104707	198.287000
0.104839	0.104731	198.387000
0.104816	0.104729	198.487000
0.104840	0.104744	198.587000
0.104735	0.104630	198.687000
0.104607	0.104500	198.787000
0.104491	0.104401	198.887000
0.104470	0.104369	198.987000
0.104341	0.104241	199.087000
0.104350	0.104240	199.187000
0.104366	0.104274	199.287000
0.104441	0.104334	199.387000
0.104376	0.104281	199.487000
0.104239	0.104145	199.587000
0.104058	0.103947	199.687000
0.104006	0.103896	199.787000
0.103984	0.103887	199.887000
0.103965	0.103875	199.987000
0.103894	0.103801	200.087000
0.103876	0.103765	200.187000
0.103815	0.103712	200.287000
0.103764	0.103658	200.387000
0.103649	0.103558	200.487000
0.103565	0.103468	200.587000
0.103500	0.103402	200.687000
0.103477	0.103370	200.787000
0.103391	0.103293	200.887000
0.103387	0.103286	200.987000
0.103314	0.103217	201.087000
0.103193	0.103089	201.187000
0.103117	0.103030	201.287000
0.103055	0.102955	201.387000
0.103023	0.102924	201.489000
0.102958	0.102847	201.587000
0.102992	0.102904	201.687000
0.103013	0.102915	201.787000
0.103015	0.102919	201.887000
0.102894	0.102793	201.987000
0.102765	0.102673	202.087000
0.102659	0.102560	202.187000
0.102530	0.102462	202.287000
0.102534	0.102427	202.387000
0.102588	0.102496	202.487000
0.102578	0.102475	202.587000
0.102590	0.102502	202.687000
0.102469	0.102370	202.787000
0.102369	0.102266	202.887000
0.102237	0.102131	202.987000
0.102183	0.102086	203.087000
0.102088	0.101990	203.187000
0.102148	0.102053	203.287000
0.102088	0.101999	203.387000
0.102071	0.101956	203.487000
0.101975	0.101883	203.587000
0.101889	0.101792	203.687000
0.101739	0.101640	203.787000
0.101705	0.101598	203.887000
0.101634	0.101521	203.987000
0.101629	0.101533	204.087000
0.101630	0.101529	204.187000
0.101646	0.101556	204.287000
0.101586	0.101487	204.387000
0.101526	0.101421	204.487000
0.101351	0.101264	204.587000
0.101323	0.101226	204.687000
0.101261	0.101158	204.787000
0.101262	0.101152	204.887000
0.101212	0.101117	204.987000
0.101233	0.101124	205.087000
0.101184	0.101087	205.187000
0.101205	0.101112	205.287000
0.101110	0.101014	205.387000
0.100991	0.100883	205.487000
0.100883	0.100784	205.587000
0.100837	0.100733	205.687000
0.100803	0.100714	205.787000
0.100791	0.100682	205.887000
0.100815	0.100717	205.988000
0.100858	0.100761	206.087000
0.100780	0.100684	206.187000
0.100649	0.100546	206.287000
0.100534	0.100441	206.387000
0.100444	0.100342	206.487000
0.100368	0.100268	206.587000
0.100332	0.100236	206.687000
0.100356	0.100259	206.787000
0.100389	0.100292	206.887000
0.100380	0.100280	206.987000
0.100309	0.100193	207.087000
0.100150	0.100053	207.187000
0.100090	0.099980	207.287000
0.100003	0.099911	207.387000
0.100006	0.099902	207.487000
0.100004	0.099893	207.587000
0.100007	0.099907	207.687000
0.099985	0.099882	207.787000
0.099907	0.099806	207.888000
0.099789	0.099697	207.987000
0.099708	0.099598	208.087000
0.099625	0.099521	208.187000
0.099580	0.099479	208.287000
0.099572	0.099492	208.387000
0.099579	0.099489	208.487000
0.099592	0.099492	208.587000
0.099582	0.099478	208.687000
0.099464	0.099366	208.787000
0.099337	0.099240	208.887000
0.099237	0.099147	208.987000
0.099207	0.099097	209.087000
0.099171	0.099080	209.187000
0.099139	0.099031	209.287000
0.099143	0.099062	209.387000
0.099139	0.099031	209.487000
0.099104	0.099011	209.587000
0.099013	0.098907	209.687000
0.098928	0.098845	209.787000
0.098851	0.098757	209.887000
0.098855	0.098766	209.987000
0.098774	0.098673	210.087000
0.098777	0.098679	210.187000
0.098710	0.098619	210.287000
0.098741	0.098643	210.387000
0.098641	0.098532	210.487000
0.098544	0.098432	210.587000
0.098418	0.098321	210.687000
0.098477	0.098383	210.787000
0.098437	0.098346	210.887000
0.098429	0.098333	210.987000
0.098382	0.098280	211.087000
0.098405	0.098298	211.187000
0.098310	0.098208	211.287000
0.098199	0.098114	211.387000
0.098106	0.098012	211.487000
0.098073	0.097969	211.587000
0.097994	0.097906	211.687000
0.098044	0.097955	211.787000
0.097990	0.097889	211.887000
0.098008	0.097918	211.987000
0.097966	0.097870	212.087000
0.097920	0.097814	212.187000
0.097791	0.097687	212.287000
0.097727	0.097634	212.387000
0.097661	0.097568	212.487000
0.097654	0.097541	212.587000
0.097640	0.097532	212.687000
0.097672	0.097580	212.787000
0.097631	0.097543	212.887000
0.097631	0.097533	212.987000
0.097551	0.097458	213.087000
0.097426	0.097325	213.187000
0.097325	0.097221	213.287000
0.097304	0.097201	213.387000
0.097235	0.097137	213.487000
0.097225	0.097120	213.587000
0.097229	0.097126	213.687000
0.097237	0.097138	213.787000
0.097181	0.097078	213.887000
0.097056	0.096948	213.987000
0.096946	0.096853	214.087000
0.096889	0.096779	214.187000
0.096837	0.096738	214.287000
0.096827	0.096740	214.387000
0.096859	0.096768	214.487000
0.096819	0.096730	214.587000
0.096734	0.096639	214.687000
0.096642	0.096550	214.787000
0.096594	0.096482	214.887000
0.096510	0.096409	214.987000
0.096472	0.096377	215.087000
0.096479	0.096375	215.187000
0.096480	0.096376	215.287000
0.096460	0.096354	215.387000
0.096365	0.096286	215.487000
0.096258	0.096153	215.587000
0.096159	0.096061	215.687000
0.096103	0.095985	215.787000
0.096057	0.095960	215.887000
0.096093	0.095985	215.987000
0.096059	0.095961	216.087000
0.096071	0.095970	216.187000
0.096051	0.095952	216.287000
0.095934	0.095815	216.387000
0.095834	0.095745	216.487000
0.095739	0.095637	216.587000
0.095728	0.095639	216.687000
0.095745	0.095631	216.787000
0.095750	0.095659	216.887000
0.095709	0.095608	216.987000
0.095692	0.095602	217.087000
0.095543	0.095451	217.187000
0.095486	0.095395	217.287000
0.095370	0.095266	217.387000
0.095371	0.095275	217.487000
0.095326	0.095240	217.588000
0.095340	0.095238	217.687000
0.095340	0.095245	217.787000
0.095312	0.095217	217.887000
0.095175	0.095075	217.987000
0.095090	0.095004	218.087000
0.094985	0.094881	218.187000
0.094994	0.094879	218.287000
0.094958	0.094851	218.387000
0.094984	0.094876	218.487000
0.094955	0.094851	218.587000
0.094951	0.094849	218.687000
0.094809	0.094711	218.787000
0.094822	0.094725	218.887000
0.094673	0.094566	218.987000
0.094653	0.094553	219.087000
0.094603	0.094506	219.187000
0.094602	0.094493	219.287000
0.094620	0.094516	219.387000
0.094619	0.094519	219.487000
0.094503	0.094413	219.587000
0.094448	0.094337	219.687000
0.094303	0.094205	219.787000
0.094363	0.094259	219.887000
0.094315	0.094210	219.987000
0.094324	0.094228	220.087000
0.094253	0.094155	220.187000
0.094244	0.094147	220.287000
0.094194	0.094089	220.387000
0.094128	0.094031	220.487000
0.094038	0.093935	220.587000
0.093977	0.093880	220.687000
0.093930	0.093834	220.787000
0.093953	0.093847	220.887000
0.093953	0.093844	220.987000
0.093978	0.093875	221.087000
0.093973	0.093892	221.187000
0.093875	0.093772	221.287000
0.093727	0.093622	221.388000
0.093662	0.093561	221.487000
0.093601	0.093513	221.587000
0.093574	0.093474	221.687000
0.093540	0.093444	221.787000
0.093569	0.093460	221.887000
0.093568	0.093466	221.987000
0.093541	0.093444	222.087000
0.093445	0.093355	222.187000
0.093359	0.093263	222.287000
0.093298	0.093204	222.387000
0.093225	0.093129	222.487000
0.093188	0.093091	222.587000
0.093201	0.093104	222.687000
0.093222	0.093129	222.787000
0.093186	0.093091	222.887000
0.093110	0.093019	222.987000
0.093015	0.092916	223.087000
0.092966	0.092885	223.187000
0.092916	0.092818	223.287000
0.092923	0.092848	223.387000
0.092864	0.092757	223.487000
0.092899	0.092817	223.587000
0.092820	0.092731	223.687000
0.092722	0.092646	223.787000
0.092630	0.092544	223.887000
0.092626	0.092540	223.987000
0.092582	0.092495	224.087000
0.092618	0.092534	224.187000
0.092558	0.092470	224.287000
0.092593	0.092509	224.387000
0.092553	0.092463	224.487000
0.092509	0.092417	224.587000
0.092413	0.092329	224.687000
0.092372	0.092282	224.787000
0.092314	0.092227	224.887000
0.092326	0.092234	224.987000
0.092247	0.092145	225.087000
0.092232	0.092153	225.187000
0.092185	0.092100	225.287000
0.092137	0.092046	225.387000
0.092014	0.091919	225.487000
0.092028	0.091928	225.587000
0.091961	0.091867	225.687000
0.091952	0.091852	225.787000
0.091933	0.091841	225.887000
0.091929	0.091837	225.987000
0.091899	0.091794	226.087000
0.091808	0.091699	226.187000
0.091689	0.091592	226.287000
0.091674	0.091579	226.387000
0.091606	0.091502	226.487000
0.091583	0.091471	226.587000
0.091589	0.091490	226.687000
0.091616	0.091528	226.787000
0.091538	0.091460	226.887000
0.091463	0.091357	226.987000
0.091411	0.091309	227.087000
0.091375	0.091259	227.187000
0.091295	0.091201	227.287000
0.091300	0.091185	227.387000
0.091296	0.091196	227.487000
0.091269	0.091166	227.587000
0.091189	0.091096	227.687000
0.091084	0.090981	227.787000
0.090985	0.090885	227.887000
0.090984	0.090886	227.987000
0.090984	0.090887	228.087000
0.090967	0.090856	228.187000
0.090980	0.090884	228.287000
0.090979	0.090880	228.387000
0.090861	0.090761	228.487000
0.090777	0.090678	228.587000
0.090693	0.090588	228.687000
0.090663	0.090553	228.787000
0.090615	0.090531	228.887000
0.090610	0.090505	228.987000
0.090607	0.090509	229.087000
0.090620	0.090517	229.187000
0.090591	0.090496	229.287000
0.090489	0.090393	229.387000
0.090431	0.090340	229.487000
0.090376	0.090262	229.587000
0.090372	0.090287	229.687000
0.090329	0.090227	229.787000
0.090303	0.090217	229.887000
0.090304	0.090217	229.987000
0.090235	0.090146	230.087000
0.090143	0.090028	230.187000
0.090049	0.089964	230.287000
0.090038	0.089937	230.387000
0.090054	0.089963	230.487000
0.089970	0.089858	230.587000
0.089964	0.089873	230.687000
0.089932	0.089836	230.787000
0.089969	0.089879	230.887000
0.089864	0.089769	230.987000
0.089843	0.089732	231.087000
0.089753	0.089654	231.187000
0.089741	0.089643	231.287000
0.089666	0.089575	231.387000
0.089648	0.089544	231.487000
0.089615	0.089514	231.587000
0.089649	0.089549	231.687000
0.089559	0.089446	231.787000
0.089498	0.089396	231.887000
0.089431	0.089339	231.987000
0.089427	0.089332	232.087000
0.089344	0.089235	232.187000
0.089373	0.089269	232.287000
0.089350	0.089243	232.387000
0.089341	0.089246	232.487000
0.089280	0.089176	232.588000
0.089228	0.089131	232.687000
0.089155	0.089046	232.787000
0.089161	0.089053	232.887000
0.089084	0.088998	232.987000
0.089088	0.088991	233.087000
0.089044	0.088946	233.187000
0.089037	0.088943	233.287000
0.089002	0.088896	233.387000
0.088932	0.088825	233.487000
0.088825	0.088732	233.587000
0.088817	0.088717	233.687000
0.088771	0.088674	233.787000
0.088760	0.088658	233.887000
0.088731	0.088654	233.987000
0.088725	0.088628	234.087000
0.088674	0.088579	234.187000
0.088609	0.088500	234.287000
0.088488	0.088390	234.387000
0.088447	0.088347	234.487000
0.088439	0.088343	234.587000
0.088478	0.088377	234.687000
0.088457	0.088358	234.787000
0.088410	0.088309	234.887000
0.088355	0.088267	234.987000
0.088260	0.088157	235.087000
0.088221	0.088126	235.187000
0.088165	0.088054	235.287000
0.088111	0.088006	235.387000
0.088143	0.088031	235.487000
0.088140	0.088037	235.587000
0.088122	0.088019	235.687000
0.088118	0.088012	235.787000
0.088081	0.087959	235.887000
0.088006	0.087921	235.987000
0.087951	0.087865	236.087000
0.087860	0.087772	236.187000
0.087847	0.087750	236.287000
0.087840	0.087741	236.387000
0.087896	0.087799	236.487000
0.087844	0.087758	236.587000
0.087774	0.087671	236.687000
0.087734	0.087624	236.787000
0.087636	0.087532	236.887000
0.087576	0.087484	236.987000
0.087594	0.087492	237.087000
0.087572	0.087477	237.187000
0.087589	0.087479	237.287000
0.087558	0.087484	237.387000
0.087531	0.087431	237.487000
0.087480	0.087405	237.587000
0.087371	0.087272	237.687000
0.087354	0.087263	237.787000
0.087316	0.087205	237.887000
0.087335	0.087244	237.987000
0.087292	0.087206	238.087000
0.087330	0.087232	238.187000
0.087291	0.087193	238.287000
0.087328	0.087229	238.387000
0.087342	0.087232	238.487000
0.087360	0.087263	238.587000
0.087360	0.087264	238.687000
