1.194411	1.228347	84.430000
1.194679	1.194428	84.530000
1.194401	1.194143	84.630000
1.194236	1.193962	84.730000
1.193943	1.193674	84.830000
1.193720	1.193444	84.930000
1.193436	1.193183	85.030000
1.193197	1.192925	85.130000
1.192887	1.192628	85.230000
1.192664	1.192393	85.330000
1.192358	1.192085	85.431000
1.192063	1.191794	85.530000
1.191678	1.191402	85.630000
1.191364	1.191076	85.730000
1.190993	1.190726	85.830000
1.190730	1.190465	85.930000
1.190379	1.190087	86.030000
1.190098	1.189824	86.130000
1.189706	1.189429	86.230000
1.189394	1.189121	86.330000
1.185453	1.185209	86.430000
1.154025	1.153850	86.530000
1.120002	1.119814	86.630000
1.097655	1.097442	86.730000
1.084081	1.083861	86.830000
1.076694	1.076460	86.930000
1.073240	1.072999	87.030000
1.072458	1.072222	87.130000
1.073239	1.072999	87.230000
1.075059	1.074812	87.330000
1.069936	1.069716	87.430000
1.041413	1.041235	87.530000
1.017189	1.017001	87.630000
1.002577	1.002360	87.730000
0.994579	0.994351	87.830000
0.991348	0.991125	87.930000
0.990948	0.990728	88.030000
0.992590	0.992356	88.130000
0.995326	0.995081	88.230000
0.998729	0.998497	88.330000
0.988539	0.988357	88.430000
0.963622	0.963438	88.530000
0.946115	0.945937	88.630000
0.936300	0.936077	88.730000
0.931579	0.931360	88.830000
0.930445	0.930234	88.930000
0.931583	0.931363	89.030000
0.934217	0.934001	89.130000
0.937646	0.937417	89.230000
0.941721	0.941498	89.330000
0.946067	0.945815	89.430000
0.944057	0.943870	89.530000
0.922692	0.922528	89.630000
0.904709	0.904533	89.730000
0.894081	0.893891	89.830000
0.888872	0.888660	89.930000
0.887048	0.886843	90.030000
0.887712	0.887506	90.130000
0.889822	0.889619	90.230000
0.892947	0.892733	90.330000
0.896591	0.896366	90.430000
0.900632	0.900416	90.530000
0.904847	0.904634	90.630000
0.907619	0.907415	90.730000
0.892614	0.892451	90.830000
0.873414	0.873226	90.930000
0.861181	0.861020	91.030000
0.854538	0.854344	91.130000
0.851610	0.851423	91.230000
0.851256	0.851043	91.330000
0.852595	0.852388	91.430000
0.854969	0.854745	91.530000
0.857991	0.857787	91.630000
0.861356	0.861155	91.730000
0.854456	0.854289	91.830000
0.835583	0.835415	91.930000
0.822047	0.821877	92.030000
0.814281	0.814110	92.130000
0.810612	0.810430	92.230000
0.809461	0.809268	92.330000
0.810273	0.810077	92.430000
0.812110	0.811909	92.530000
0.814738	0.814537	92.630000
0.816440	0.816259	92.730000
0.803887	0.803729	92.830000
0.787846	0.787681	92.930000
0.777656	0.777486	93.030000
0.772047	0.771875	93.130000
0.769705	0.769524	93.230000
0.769349	0.769155	93.330000
0.770486	0.770308	93.430000
0.772384	0.772187	93.530000
0.774010	0.773831	93.630000
0.763027	0.762880	93.730000
0.748441	0.748285	93.830000
0.738970	0.738787	93.930000
0.733802	0.733627	94.030000
0.731485	0.731319	94.130000
0.731193	0.731016	94.230000
0.732093	0.731903	94.330000
0.733766	0.733588	94.430000
0.727272	0.727110	94.530000
0.713233	0.713084	94.630000
0.703337	0.703189	94.730000
0.697781	0.697614	94.830000
0.695086	0.694916	94.930000
0.694477	0.694308	95.030000
0.695059	0.694885	95.130000
0.696556	0.696372	95.230000
0.696026	0.695862	95.330000
0.684545	0.684402	95.430000
0.673561	0.673415	95.530000
0.666863	0.666704	95.630000
0.663272	0.663114	95.730000
0.661974	0.661808	95.830000
0.662070	0.661889	95.930000
0.663134	0.662970	96.030000
0.664753	0.664589	96.130000
0.662697	0.662553	96.230000
0.651259	0.651107	96.330000
0.642110	0.641959	96.430000
0.636660	0.636500	96.530000
0.633859	0.633702	96.630000
0.632854	0.632696	96.730000
0.633165	0.632996	96.830000
0.634226	0.634040	96.930000
0.635411	0.635254	97.030000
0.628706	0.628568	97.130000
0.618394	0.618250	97.230000
0.611532	0.611385	97.330000
0.607736	0.607576	97.430000
0.605972	0.605818	97.530000
0.605632	0.605469	97.630000
0.606213	0.606051	97.730000
0.607464	0.607299	97.830000
0.607438	0.607279	97.930000
0.598902	0.598763	98.030000
0.590294	0.590164	98.130000
0.585003	0.584855	98.230000
0.582162	0.582009	98.330000
0.581007	0.580832	98.430000
0.580999	0.580852	98.530000
0.581716	0.581548	98.630000
0.582915	0.582768	98.730000
0.584392	0.584224	98.830000
0.580861	0.580735	98.930000
0.571911	0.571766	99.030000
0.565529	0.565398	99.130000
0.561785	0.561646	99.230000
0.559987	0.559845	99.330000
0.559439	0.559281	99.430000
0.559780	0.559636	99.530000
0.560686	0.560507	99.630000
0.561664	0.561522	99.730000
0.556497	0.556361	99.830000
0.548454	0.548323	99.930000
0.543012	0.542851	100.030000
0.540008	0.539869	100.130000
0.538542	0.538396	100.230000
0.538238	0.538092	100.330000
0.538610	0.538452	100.430000
0.539562	0.539407	100.530000
0.540624	0.540480	100.630000
0.536527	0.536393	100.730000
0.528849	0.528721	100.830000
0.523698	0.523567	100.930000
0.520673	0.520520	101.030000
0.519271	0.519131	101.130000
0.518876	0.518729	101.230000
0.519254	0.519113	101.330000
0.519989	0.519841	101.430000
0.521158	0.521011	101.530000
0.521560	0.521414	101.630000
0.515756	0.515635	101.730000
0.509246	0.509115	101.830000
0.505161	0.505017	101.930000
0.502912	0.502776	102.030000
0.502014	0.501863	102.130000
0.501864	0.501715	102.230000
0.502335	0.502189	102.330000
0.503153	0.503004	102.430000
0.504130	0.503979	102.530000
0.500478	0.500351	102.630000
0.493938	0.493816	102.730000
0.489371	0.489238	102.830000
0.486796	0.486666	102.930000
0.485514	0.485371	103.030000
0.485261	0.485107	103.130000
0.485533	0.485387	103.230000
0.486237	0.486098	103.330000
0.487130	0.486997	103.430000
0.486984	0.486839	103.530000
0.481225	0.481096	103.630000
0.475835	0.475703	103.730000
0.472471	0.472340	103.830000
0.470745	0.470604	103.930000
0.469995	0.469867	104.030000
0.470008	0.469852	104.130000
0.470433	0.470295	104.230000
0.470785	0.470654	104.330000
0.466391	0.466266	104.430000
0.460875	0.460735	104.530000
0.457236	0.457101	104.630000
0.455236	0.455093	104.730000
0.454288	0.454152	104.830000
0.454137	0.454003	104.930000
0.454430	0.454292	105.030000
0.455077	0.454921	105.130000
0.455751	0.455612	105.230000
0.452656	0.452531	105.331000
0.447350	0.447231	105.430000
0.443783	0.443646	105.530000
0.441654	0.441532	105.630000
0.440642	0.440512	105.730000
0.440415	0.440289	105.830000
0.440709	0.440563	105.930000
0.440587	0.440459	106.030000
0.436366	0.436225	106.130000
0.431683	0.431562	106.230000
0.428657	0.428523	106.330000
0.427026	0.426917	106.430000
0.426295	0.426155	106.530000
0.426245	0.426109	106.630000
0.426602	0.426468	106.730000
0.427201	0.427081	106.830000
0.427965	0.427814	106.930000
0.426910	0.426783	107.030000
0.422217	0.422081	107.130000
0.418567	0.418432	107.230000
0.416300	0.416176	107.330000
0.415224	0.415103	107.430000
0.414782	0.414639	107.530000
0.414898	0.414756	107.630000
0.415254	0.415113	107.730000
0.415961	0.415833	107.830000
0.416501	0.416363	107.930000
0.413724	0.413594	108.030000
0.409372	0.409245	108.130000
0.406546	0.406409	108.230000
0.404877	0.404753	108.330000
0.404139	0.404015	108.430000
0.403936	0.403798	108.530000
0.404235	0.404087	108.630000
0.404672	0.404539	108.730000
0.405139	0.405013	108.830000
0.402354	0.402241	108.930000
0.398328	0.398212	109.030000
0.395564	0.395449	109.130000
0.394097	0.393960	109.230000
0.393281	0.393154	109.330000
0.393140	0.393014	109.430000
0.393306	0.393196	109.530000
0.393787	0.393658	109.630000
0.394439	0.394302	109.730000
0.394012	0.393879	109.830000
0.390146	0.390029	109.930000
0.386917	0.386787	110.030000
0.384885	0.384760	110.130000
0.383893	0.383753	110.230000
0.383450	0.383319	110.330000
0.383500	0.383366	110.430000
0.383802	0.383672	110.530000
0.384320	0.384190	110.630000
0.382931	0.382812	110.730000
0.379181	0.379046	110.830000
0.376365	0.376239	110.930000
0.374839	0.374704	111.030000
0.373888	0.373770	111.130000
0.373607	0.373476	111.230000
0.373695	0.373553	111.330000
0.374062	0.373935	111.430000
0.374545	0.374429	111.530000
0.373996	0.373872	111.630000
0.370553	0.370428	111.730000
0.367685	0.367566	111.830000
0.365926	0.365811	111.930000
0.365057	0.364931	112.030000
0.364683	0.364555	112.130000
0.364751	0.364610	112.230000
0.365017	0.364875	112.330000
0.365499	0.365372	112.430000
0.365490	0.365377	112.530000
0.362705	0.362581	112.630000
0.359680	0.359558	112.730000
0.357789	0.357652	112.830000
0.356695	0.356577	112.930000
0.356303	0.356174	113.030000
0.356219	0.356105	113.130000
0.356465	0.356333	113.230000
0.356837	0.356714	113.330000
0.357403	0.357264	113.430000
0.357122	0.357010	113.530000
0.354173	0.354048	113.630000
0.351527	0.351403	113.730000
0.349849	0.349720	113.830000
0.349010	0.348887	113.930000
0.348605	0.348476	114.030000
0.348639	0.348518	114.130000
0.348875	0.348749	114.230000
0.349365	0.349227	114.330000
0.348753	0.348630	114.430000
0.345785	0.345673	114.530000
0.343300	0.343187	114.630000
0.341825	0.341698	114.730000
0.341017	0.340880	114.830000
0.340789	0.340656	114.930000
0.340786	0.340667	115.030000
0.341075	0.340952	115.130000
0.340997	0.340880	115.230000
0.338610	0.338491	115.330000
0.335967	0.335837	115.430000
0.334332	0.334219	115.530000
0.333313	0.333199	115.630000
0.332971	0.332848	115.730000
0.332914	0.332785	115.830000
0.333117	0.332999	115.930000
0.333422	0.333308	116.030000
0.333947	0.333821	116.130000
0.333317	0.333196	116.230000
0.330719	0.330594	116.330000
0.328522	0.328396	116.430000
0.327245	0.327117	116.530000
0.326547	0.326429	116.630000
0.326339	0.326216	116.730000
0.326332	0.326206	116.830000
0.326634	0.326506	116.930000
0.326932	0.326820	117.030000
0.327300	0.327178	117.130000
0.325611	0.325489	117.230000
0.323171	0.323047	117.330000
0.321454	0.321331	117.430000
0.320534	0.320407	117.530000
0.320055	0.319942	117.630000
0.319993	0.319863	117.730000
0.320080	0.319966	117.830000
0.320401	0.320278	117.930000
0.320732	0.320608	118.030000
0.320739	0.320627	118.130000
0.318483	0.318369	118.230000
0.316378	0.316265	118.330000
0.314996	0.314875	118.430000
0.314285	0.314152	118.530000
0.313938	0.313829	118.630000
0.313957	0.313847	118.730000
0.314094	0.313978	118.830000
0.314440	0.314311	118.930000
0.314824	0.314701	119.030000
0.314173	0.314066	119.130000
0.311797	0.311673	119.230000
0.309992	0.309878	119.330000
0.308895	0.308775	119.430000
0.308356	0.308241	119.530000
0.308132	0.308017	119.630000
0.308236	0.308124	119.730000
0.308447	0.308330	119.830000
0.308806	0.308678	119.930000
0.309172	0.309048	120.030000
0.309640	0.309523	120.130000
0.309166	0.309046	120.230000
0.306989	0.306874	120.330000
0.305190	0.305068	120.430000
0.304107	0.303986	120.530000
0.303507	0.303401	120.630000
0.303318	0.303196	120.730000
0.303339	0.303224	120.830000
0.303537	0.303400	120.930000
0.303867	0.303748	121.030000
0.304209	0.304081	121.130000
0.304483	0.304364	121.230000
0.302830	0.302712	121.330000
0.300827	0.300710	121.430000
0.299420	0.299306	121.530000
0.298696	0.298568	121.630000
0.298300	0.298194	121.730000
0.298312	0.298192	121.830000
0.298404	0.298291	121.930000
0.298670	0.298542	122.030000
0.298605	0.298505	122.130000
0.296864	0.296750	122.230000
0.294902	0.294781	122.330000
0.293694	0.293567	122.430000
0.293010	0.292894	122.530000
0.292798	0.292678	122.630000
0.292739	0.292627	122.730000
0.292898	0.292778	122.830000
0.293033	0.292917	122.930000
0.293432	0.293298	123.030000
0.293701	0.293584	123.130000
0.292601	0.292483	123.230000
0.290565	0.290448	123.330000
0.289233	0.289113	123.430000
0.288408	0.288291	123.530000
0.288089	0.287968	123.630000
0.287961	0.287843	123.730000
0.288096	0.287978	123.830000
0.288257	0.288144	123.930000
0.288360	0.288233	124.030000
0.286764	0.286638	124.130000
0.284998	0.284885	124.230000
0.283841	0.283725	124.330000
0.283219	0.283101	124.430000
0.282867	0.282748	124.530000
0.282822	0.282700	124.630000
0.282912	0.282783	124.730000
0.283196	0.283084	124.830000
0.283454	0.283333	124.930000
0.283204	0.283092	125.030000
0.281382	0.281261	125.130000
0.279865	0.279746	125.230000
0.278931	0.278816	125.330000
0.278470	0.278349	125.430000
0.278243	0.278132	125.530000
0.278291	0.278170	125.630000
0.278390	0.278275	125.730000
0.278698	0.278589	125.830000
0.279000	0.278888	125.930000
0.278704	0.278586	126.030000
0.276954	0.276824	126.130000
0.275512	0.275410	126.230000
0.274575	0.274463	126.330000
0.274152	0.274033	126.430000
0.273972	0.273844	126.530000
0.273999	0.273884	126.630000
0.274145	0.274029	126.730000
0.274218	0.274117	126.830000
0.272898	0.272797	126.930000
0.271295	0.271177	127.030000
0.270178	0.270053	127.130000
0.269571	0.269447	127.230000
0.269289	0.269182	127.330000
0.269245	0.269130	127.430000
0.269312	0.269211	127.530000
0.269447	0.269334	127.630000
0.268384	0.268267	127.730000
0.266736	0.266624	127.830000
0.265625	0.265521	127.930000
0.264980	0.264854	128.030000
0.264692	0.264572	128.130000
0.264628	0.264501	128.230000
0.264718	0.264601	128.330000
0.264861	0.264733	128.430000
0.264206	0.264084	128.530000
0.262574	0.262453	128.630000
0.261400	0.261289	128.730000
0.260666	0.260549	128.830000
0.260368	0.260262	128.930000
0.260208	0.260086	129.030000
0.260282	0.260173	129.130000
0.260417	0.260305	129.230000
0.260653	0.260544	129.330000
0.259655	0.259531	129.430000
0.258206	0.258089	129.530000
0.257107	0.257001	129.630000
0.256577	0.256461	129.730000
0.256284	0.256159	129.830000
0.256253	0.256151	129.930000
0.256277	0.256158	130.030000
0.256521	0.256405	130.130000
0.256711	0.256603	130.230000
0.256835	0.256718	130.330000
0.255615	0.255510	130.430000
0.254298	0.254179	130.530000
0.253367	0.253253	130.630000
0.252967	0.252852	130.730000
0.252755	0.252636	130.830000
0.252757	0.252648	130.930000
0.252816	0.252690	131.030000
0.253038	0.252914	131.130000
0.253229	0.253108	131.230000
0.253272	0.253166	131.330000
0.252111	0.252001	131.430000
0.250877	0.250766	131.530000
0.250016	0.249901	131.630000
0.249618	0.249505	131.730000
0.249393	0.249278	131.830000
0.249402	0.249292	131.930000
0.249461	0.249352	132.030000
0.249662	0.249548	132.130000
0.249870	0.249750	132.230000
0.250179	0.250067	132.330000
0.250106	0.249988	132.430000
0.248900	0.248788	132.530000
0.247722	0.247619	132.630000
0.247067	0.246955	132.730000
0.246581	0.246475	132.830000
0.246395	0.246288	132.930000
0.246376	0.246270	133.030000
0.246529	0.246405	133.130000
0.246667	0.246549	133.230000
0.246845	0.246730	133.330000
0.245885	0.245781	133.430000
0.244586	0.244472	133.530000
0.243694	0.243582	133.630000
0.243236	0.243125	133.730000
0.243015	0.242903	133.830000
0.242980	0.242872	133.930000
0.243011	0.242907	134.030000
0.242460	0.242339	134.130000
0.241139	0.241016	134.230000
0.240152	0.240052	134.330000
0.239517	0.239420	134.430000
0.239228	0.239112	134.530000
0.239154	0.239037	134.630000
0.239194	0.239087	134.730000
0.239305	0.239178	134.830000
0.238896	0.238790	134.930000
0.237648	0.237542	135.030000
0.236673	0.236557	135.130000
0.236120	0.236002	135.230000
0.235796	0.235688	135.330000
0.235674	0.235576	135.430000
0.235719	0.235598	135.530000
0.235794	0.235676	135.630000
0.235977	0.235860	135.730000
0.235836	0.235729	135.830000
0.234715	0.234597	135.930000
0.233752	0.233636	136.030000
0.233073	0.232958	136.130000
0.232843	0.232724	136.230000
0.232680	0.232573	136.330000
0.232732	0.232632	136.430000
0.232726	0.232624	136.530000
0.232930	0.232803	136.630000
0.232677	0.232552	136.730000
0.231593	0.231487	136.830000
0.230660	0.230542	136.930000
0.230103	0.229999	137.030000
0.229723	0.229606	137.130000
0.229665	0.229558	137.230000
0.229614	0.229494	137.330000
0.229436	0.229331	137.430000
0.228285	0.228164	137.530000
0.227330	0.227208	137.630000
0.226671	0.226559	137.730000
0.226380	0.226265	137.830000
0.226293	0.226177	137.930000
0.226275	0.226159	138.030000
0.225751	0.225645	138.130000
0.224653	0.224534	138.230000
0.223736	0.223622	138.330000
0.223237	0.223134	138.430000
0.222967	0.222861	138.530000
0.222958	0.222838	138.630000
0.222941	0.222826	138.730000
0.223054	0.222936	138.830000
0.222870	0.222758	138.930000
0.221959	0.221846	139.030000
0.221015	0.220901	139.130000
0.220524	0.220415	139.230000
0.220184	0.220071	139.330000
0.220099	0.219984	139.430000
0.220078	0.219973	139.530000
0.220180	0.220065	139.630000
0.220114	0.219992	139.730000
0.219215	0.219105	139.830000
0.218252	0.218147	139.930000
0.217734	0.217621	140.030000
0.217395	0.217285	140.130000
0.217309	0.217180	140.230000
0.217293	0.217171	140.330000
0.217372	0.217262	140.430000
0.217471	0.217364	140.530000
0.217666	0.217549	140.630000
0.217715	0.217603	140.730000
0.217012	0.216899	140.830000
0.216103	0.216000	140.930000
0.215547	0.215444	141.030000
0.215175	0.215067	141.130000
0.215017	0.214900	141.230000
0.215003	0.214883	141.330000
0.215059	0.214956	141.430000
0.215192	0.215076	141.530000
0.215339	0.215220	141.630000
0.214799	0.214681	141.730000
0.213859	0.213733	141.830000
0.213218	0.213106	141.930000
0.212880	0.212773	142.030000
0.212694	0.212583	142.130000
0.212698	0.212584	142.230000
0.212714	0.212610	142.330000
0.212742	0.212623	142.430000
0.212185	0.212088	142.530000
0.211278	0.211170	142.630000
0.210633	0.210525	142.730000
0.210261	0.210141	142.830000
0.210097	0.210001	142.930000
0.210040	0.209917	143.030000
0.210101	0.209997	143.130000
0.210212	0.210098	143.230000
0.210395	0.210279	143.330000
0.210255	0.210138	143.430000
0.209441	0.209337	143.530000
0.208644	0.208542	143.630000
0.208218	0.208108	143.730000
0.207940	0.207826	143.830000
0.207880	0.207774	143.930000
0.207843	0.207722	144.030000
0.207967	0.207858	144.130000
0.207984	0.207873	144.230000
0.207410	0.207300	144.330000
0.206541	0.206416	144.430000
0.206019	0.205923	144.530000
0.205682	0.205589	144.630000
0.205598	0.205502	144.730000
0.205537	0.205436	144.830000
0.205615	0.205522	144.930000
0.205683	0.205591	145.030000
0.205489	0.205391	145.130000
0.204636	0.204526	145.230000
0.204001	0.203897	145.330000
0.203569	0.203454	145.430000
0.203393	0.203290	145.530000
0.203237	0.203128	145.630000
0.203299	0.203187	145.730000
0.202967	0.202862	145.830000
0.202169	0.202049	145.930000
0.201436	0.201325	146.030000
0.201067	0.200956	146.130000
0.200891	0.200791	146.230000
0.200873	0.200769	146.330000
0.200840	0.200728	146.430000
0.200928	0.200805	146.530000
0.200959	0.200849	146.630000
0.201106	0.200993	146.730000
0.200633	0.200517	146.830000
0.199897	0.199780	146.930000
0.199319	0.199213	147.030000
0.199042	0.198941	147.130000
0.198858	0.198746	147.230000
0.198876	0.198757	147.330000
0.198902	0.198790	147.430000
0.199027	0.198916	147.530000
0.198632	0.198532	147.630000
0.197885	0.197785	147.730000
0.197317	0.197199	147.830000
0.196932	0.196821	147.930000
0.196735	0.196623	148.030000
0.196689	0.196578	148.130000
0.196741	0.196640	148.230000
0.196796	0.196684	148.330000
0.196900	0.196790	148.430000
0.196538	0.196415	148.530000
0.195800	0.195698	148.630000
0.195227	0.195133	148.730000
0.194909	0.194808	148.830000
0.194799	0.194681	148.930000
0.194730	0.194622	149.030000
0.194754	0.194647	149.130000
0.194812	0.194716	149.230000
0.194909	0.194789	149.330000
0.194428	0.194321	149.430000
0.193727	0.193605	149.530000
0.193199	0.193095	149.630000
0.192940	0.192829	149.730000
0.192827	0.192725	149.830000
0.192776	0.192653	149.930000
0.192804	0.192706	150.030000
0.192930	0.192821	150.130000
0.193042	0.192945	150.230000
0.193024	0.192902	150.330000
0.192420	0.192318	150.430000
0.191814	0.191695	150.530000
0.191431	0.191326	150.630000
0.191172	0.191061	150.731000
0.191104	0.191007	150.830000
0.191046	0.190935	150.930000
0.191141	0.191034	151.030000
0.191180	0.191086	151.130000
0.191321	0.191208	151.230000
0.191440	0.191329	151.330000
0.191602	0.191482	151.430000
0.191518	0.191409	151.530000
0.190907	0.190796	151.630000
0.190273	0.190170	151.730000
0.189965	0.189866	151.831000
0.189744	0.189625	151.930000
0.189682	0.189568	152.030000
0.189661	0.189560	152.130000
0.189785	0.189678	152.230000
0.189850	0.189749	152.330000
0.189886	0.189778	152.430000
0.189360	0.189244	152.530000
0.188709	0.188605	152.630000
0.188282	0.188178	152.730000
0.188080	0.187964	152.830000
0.187910	0.187797	152.930000
0.187888	0.187772	153.030000
0.187923	0.187819	153.130000
0.188019	0.187913	153.230000
0.188094	0.187993	153.330000
0.188098	0.187995	153.430000
0.187506	0.187395	153.530000
0.186993	0.186873	153.630000
0.186557	0.186455	153.730000
0.186371	0.186270	153.830000
0.186266	0.186153	153.930000
0.186286	0.186166	154.030000
0.186346	0.186228	154.130000
0.186493	0.186392	154.230000
0.186324	0.186218	154.330000
0.185697	0.185579	154.430000
0.185110	0.185013	154.530000
0.184809	0.184689	154.630000
0.184557	0.184452	154.730000
0.184520	0.184407	154.830000
0.184414	0.184311	154.930000
0.184495	0.184382	155.030000
0.184594	0.184485	155.130000
0.184432	0.184323	155.230000
0.183725	0.183623	155.330000
0.183224	0.183104	155.430000
0.182953	0.182846	155.530000
0.182803	0.182694	155.630000
0.182733	0.182627	155.730000
0.182787	0.182685	155.830000
0.182821	0.182723	155.930000
0.182751	0.182636	156.030000
0.182171	0.182064	156.130000
0.181656	0.181530	156.230000
0.181287	0.181167	156.330000
0.181110	0.181003	156.430000
0.181000	0.180899	156.530000
0.181041	0.180918	156.630000
0.181073	0.180958	156.730000
0.181047	0.180936	156.830000
0.180510	0.180408	156.930000
0.179969	0.179859	157.030000
0.179580	0.179463	157.130000
0.179409	0.179300	157.230000
0.179291	0.179194	157.330000
0.179247	0.179135	157.430000
0.179285	0.179185	157.530000
0.179373	0.179260	157.630000
0.179393	0.179280	157.730000
0.179196	0.179074	157.830000
0.178633	0.178525	157.930000
0.178169	0.178066	158.030000
0.177925	0.177818	158.130000
0.177754	0.177648	158.230000
0.177767	0.177656	158.330000
0.177714	0.177614	158.430000
0.177804	0.177692	158.530000
0.177601	0.177493	158.630000
0.177058	0.176952	158.730000
0.176587	0.176478	158.830000
0.176288	0.176179	158.930000
0.176142	0.176029	159.030000
0.176135	0.176028	159.130000
0.176121	0.176018	159.230000
0.176208	0.176101	159.330000
0.175999	0.175892	159.430000
0.175445	0.175339	159.530000
0.174929	0.174831	159.630000
0.174648	0.174541	159.730000
0.174517	0.174409	159.830000
0.174492	0.174389	159.930000
0.174465	0.174359	160.030000
0.174552	0.174429	160.130000
0.174325	0.174216	160.230000
0.173859	0.173741	160.330000
0.173324	0.173225	160.430000
0.173074	0.172967	160.530000
0.172965	0.172853	160.630000
0.172907	0.172792	160.730000
0.172859	0.172752	160.830000
0.172917	0.172802	160.930000
0.172544	0.172445	161.030000
0.172017	0.171898	161.130000
0.171629	0.171523	161.230000
0.171420	0.171315	161.330000
0.171252	0.171143	161.430000
0.171303	0.171191	161.530000
0.171315	0.171212	161.630000
0.171356	0.171249	161.730000
0.170977	0.170862	161.830000
0.170473	0.170357	161.930000
0.170079	0.169981	162.030000
0.169910	0.169805	162.130000
0.169773	0.169655	162.230000
0.169796	0.169689	162.330000
0.169802	0.169707	162.430000
0.169666	0.169566	162.530000
0.169064	0.168966	162.630000
0.168656	0.168543	162.730000
0.168402	0.168290	162.830000
0.168283	0.168171	162.930000
0.168219	0.168124	163.030000
0.168232	0.168129	163.130000
0.168248	0.168137	163.230000
0.168307	0.168195	163.330000
0.167985	0.167880	163.430000
0.167510	0.167404	163.530000
0.167125	0.167025	163.630000
0.167017	0.166898	163.730000
0.166887	0.166772	163.830000
0.166872	0.166745	163.930000
0.166846	0.166745	164.030000
0.166870	0.166771	164.130000
0.166949	0.166836	164.230000
0.166922	0.166811	164.330000
0.166483	0.166382	164.430000
0.166087	0.165978	164.530000
0.165780	0.165681	164.630000
0.165644	0.165532	164.730000
0.165578	0.165467	164.830000
0.165579	0.165461	164.930000
0.165614	0.165518	165.030000
0.165696	0.165596	165.130000
0.165556	0.165462	165.230000
0.165038	0.164931	165.330000
0.164725	0.164613	165.430000
0.164487	0.164379	165.530000
0.164389	0.164282	165.630000
0.164286	0.164186	165.730000
0.164326	0.164219	165.830000
0.164306	0.164184	165.930000
0.164409	0.164301	166.030000
0.164459	0.164362	166.130000
0.164596	0.164489	166.230000
0.164257	0.164145	166.330000
0.163832	0.163735	166.430000
0.163473	0.163373	166.530000
0.163318	0.163208	166.630000
0.163227	0.163110	166.730000
0.163224	0.163117	166.830000
0.163210	0.163086	166.930000
0.163276	0.163156	167.030000
0.163267	0.163175	167.130000
0.162980	0.162870	167.230000
0.162475	0.162370	167.330000
0.162233	0.162122	167.430000
0.162015	0.161915	167.530000
0.161967	0.161847	167.630000
0.161914	0.161820	167.730000
0.161968	0.161855	167.830000
0.161994	0.161880	167.930000
0.161967	0.161845	168.030000
0.161489	0.161385	168.130000
0.161121	0.161015	168.230000
0.160825	0.160722	168.330000
0.160719	0.160606	168.430000
0.160633	0.160532	168.530000
0.160688	0.160570	168.630000
0.160705	0.160597	168.730000
0.160733	0.160635	168.830000
0.160807	0.160700	168.930000
0.160732	0.160632	169.030000
0.160313	0.160207	169.130000
0.159973	0.159872	169.230000
0.159733	0.159629	169.330000
0.159647	0.159537	169.430000
0.159560	0.159446	169.530000
0.159565	0.159446	169.630000
0.159578	0.159475	169.730000
0.159386	0.159276	169.830000
0.158939	0.158826	169.930000
0.158630	0.158513	170.030000
0.158397	0.158291	170.130000
0.158356	0.158254	170.230000
0.158280	0.158175	170.330000
0.158280	0.158168	170.430000
0.158216	0.158104	170.530000
0.157802	0.157691	170.630000
0.157383	0.157276	170.730000
0.157175	0.157071	170.830000
0.156950	0.156851	170.930000
0.156899	0.156792	171.030000
0.156874	0.156752	171.130000
0.156916	0.156820	171.230000
0.156983	0.156885	171.330000
0.157064	0.156960	171.430000
0.156981	0.156872	171.530000
0.156601	0.156491	171.630000
0.156260	0.156150	171.730000
0.156041	0.155939	171.830000
0.155943	0.155851	171.930000
0.155923	0.155813	172.030000
0.155917	0.155803	172.130000
0.155925	0.155817	172.230000
0.155994	0.155901	172.330000
0.155933	0.155836	172.430000
0.155634	0.155534	172.530000
0.155187	0.155092	172.630000
0.155008	0.154891	172.730000
0.154838	0.154744	172.830000
0.154838	0.154733	172.930000
0.154779	0.154683	173.030000
0.154889	0.154767	173.130000
0.154926	0.154822	173.230000
0.154932	0.154831	173.330000
0.154564	0.154456	173.430000
0.154198	0.154088	173.530000
0.153916	0.153815	173.630000
0.153804	0.153687	173.730000
0.153692	0.153586	173.830000
0.153749	0.153648	173.930000
0.153719	0.153616	174.031000
0.153813	0.153693	174.130000
0.153760	0.153649	174.230000
0.153486	0.153375	174.330000
0.153096	0.152994	174.430000
0.152888	0.152768	174.530000
0.152706	0.152595	174.630000
0.152678	0.152561	174.730000
0.152612	0.152511	174.830000
0.152667	0.152564	174.930000
0.152723	0.152621	175.030000
0.152816	0.152716	175.130000
0.152809	0.152692	175.230000
0.152532	0.152421	175.330000
0.152203	0.152107	175.430000
0.151952	0.151862	175.530000
0.151751	0.151651	175.630000
0.151744	0.151638	175.730000
0.151685	0.151578	175.830000
0.151734	0.151633	175.930000
0.151757	0.151659	176.030000
0.151758	0.151645	176.130000
0.151408	0.151297	176.230000
0.151092	0.150995	176.330000
0.150861	0.150757	176.430000
0.150758	0.150663	176.530000
0.150691	0.150585	176.630000
0.150692	0.150586	176.730000
0.150668	0.150561	176.830000
0.150581	0.150477	176.930000
0.150222	0.150122	177.030000
0.149907	0.149799	177.130000
0.149704	0.149590	177.230000
0.149609	0.149501	177.330000
0.149558	0.149446	177.430000
0.149603	0.149506	177.530000
0.149514	0.149418	177.630000
0.149588	0.149479	177.730000
0.149417	0.149296	177.830000
0.149074	0.148960	177.930000
0.148789	0.148682	178.030000
0.148589	0.148500	178.130000
0.148530	0.148412	178.230000
0.148504	0.148392	178.330000
0.148500	0.148388	178.435000
0.148514	0.148418	178.530000
0.148483	0.148380	178.630000
0.148150	0.148057	178.730000
0.147814	0.147715	178.830000
0.147638	0.147525	178.930000
0.147506	0.147401	179.030000
0.147457	0.147353	179.130000
0.147478	0.147379	179.230000
0.147507	0.147390	179.330000
0.147563	0.147466	179.430000
0.147603	0.147488	179.531000
0.147380	0.147281	179.630000
0.147007	0.146894	179.730000
0.146780	0.146683	179.830000
0.146615	0.146496	179.930000
0.146563	0.146448	180.030000
0.146523	0.146425	180.130000
0.146565	0.146469	180.230000
0.146548	0.146450	180.330000
0.146627	0.146518	180.430000
0.146308	0.146207	180.530000
0.146023	0.145900	180.630000
0.145757	0.145649	180.730000
0.145666	0.145571	180.830000
0.145571	0.145460	180.930000
0.145557	0.145444	181.030000
0.145501	0.145397	181.130000
0.145449	0.145337	181.230000
0.145069	0.144977	181.330000
0.144823	0.144717	181.430000
0.144616	0.144503	181.530000
0.144567	0.144449	181.630000
0.144457	0.144349	181.730000
0.144510	0.144410	181.830000
0.144501	0.144400	181.930000
0.144555	0.144438	182.030000
0.144567	0.144459	182.130000
0.144386	0.144279	182.230000
0.144060	0.143949	182.330000
0.143859	0.143755	182.430000
0.143692	0.143581	182.530000
0.143639	0.143529	182.630000
0.143606	0.143503	182.730000
0.143642	0.143539	182.830000
0.143454	0.143359	182.930000
0.143176	0.143068	183.030000
0.142857	0.142758	183.130000
0.142709	0.142601	183.230000
0.142589	0.142482	183.330000
0.142564	0.142477	183.430000
0.142569	0.142461	183.530000
0.142571	0.142469	183.630000
0.142251	0.142142	183.730000
0.141985	0.141887	183.830000
0.141798	0.141687	183.930000
0.141670	0.141567	184.030000
0.141564	0.141449	184.130000
0.141575	0.141473	184.230000
0.141531	0.141410	184.330000
0.141284	0.141190	184.430000
0.140953	0.140848	184.530000
0.140744	0.140629	184.630000
0.140612	0.140506	184.730000
0.140562	0.140464	184.830000
0.140594	0.140492	184.930000
0.140620	0.140504	185.030000
0.140616	0.140507	185.130000
0.140460	0.140347	185.230000
0.140159	0.140046	185.330000
0.139925	0.139826	185.430000
0.139769	0.139675	185.530000
0.139710	0.139615	185.630000
0.139684	0.139570	185.730000
0.139657	0.139554	185.830000
0.139701	0.139613	185.930000
0.139545	0.139447	186.030000
0.139229	0.139125	186.130000
0.139048	0.138940	186.230000
0.138914	0.138809	186.330000
0.138872	0.138754	186.430000
0.138813	0.138712	186.530000
0.138769	0.138658	186.630000
0.138598	0.138491	186.730000
0.138248	0.138123	186.830000
0.138077	0.137981	186.930000
0.137874	0.137766	187.030000
0.137838	0.137728	187.130000
0.137854	0.137749	187.230000
0.137921	0.137819	187.330000
0.137816	0.137691	187.430000
0.137638	0.137539	187.530000
0.137355	0.137268	187.630000
0.137159	0.137045	187.730000
0.136998	0.136884	187.830000
0.136946	0.136845	187.930000
0.136875	0.136764	188.030000
0.136942	0.136835	188.130000
0.136933	0.136841	188.230000
0.136995	0.136879	188.330000
0.136797	0.136692	188.430000
0.136573	0.136473	188.530000
0.136364	0.136271	188.630000
0.136211	0.136107	188.730000
0.136085	0.135971	188.830000
0.136114	0.136013	188.930000
0.136113	0.135995	189.030000
0.136173	0.136060	189.130000
0.136186	0.136096	189.230000
0.136232	0.136137	189.330000
0.136031	0.135926	189.430000
0.135799	0.135702	189.530000
0.135579	0.135479	189.630000
0.135467	0.135376	189.730000
0.135359	0.135258	189.830000
0.135395	0.135286	189.930000
0.135387	0.135273	190.030000
0.135355	0.135247	190.130000
0.135099	0.134990	190.230000
0.134891	0.134797	190.330000
0.134701	0.134591	190.430000
0.134633	0.134529	190.530000
0.134538	0.134437	190.630000
0.134484	0.134397	190.730000
0.134247	0.134139	190.830000
0.134009	0.133910	190.930000
0.133802	0.133709	191.030000
0.133708	0.133602	191.130000
0.133595	0.133486	191.230000
0.133575	0.133472	191.330000
0.133590	0.133483	191.430000
0.133632	0.133517	191.530000
0.133656	0.133552	191.630000
0.133703	0.133600	191.730000
0.133766	0.133667	191.830000
0.133797	0.133689	191.930000
0.133563	0.133459	192.030000
0.133321	0.133210	192.130000
0.133155	0.133049	192.230000
0.133100	0.133001	192.330000
0.133068	0.132958	192.430000
0.133058	0.132951	192.530000
0.133030	0.132926	192.630000
0.133084	0.132977	192.730000
0.132944	0.132844	192.830000
0.132682	0.132575	192.930000
0.132448	0.132344	193.030000
0.132332	0.132220	193.130000
0.132245	0.132144	193.230000
0.132226	0.132126	193.330000
0.132171	0.132075	193.430000
0.131950	0.131826	193.530000
0.131694	0.131596	193.630000
0.131539	0.131429	193.730000
0.131467	0.131369	193.830000
0.131402	0.131296	193.930000
0.131383	0.131285	194.030000
0.131196	0.131091	194.130000
0.130920	0.130813	194.230000
0.130723	0.130610	194.330000
0.130610	0.130508	194.430000
0.130506	0.130408	194.530000
0.130378	0.130268	194.630000
0.130079	0.129970	194.730000
0.129836	0.129745	194.830000
0.129660	0.129559	194.930000
0.129623	0.129508	195.030000
0.129378	0.129278	195.130000
0.129133	0.129031	195.230000
0.128914	0.128807	195.330000
0.128793	0.128693	195.430000
0.128658	0.128530	195.530000
0.128387	0.128285	195.630000
0.128042	0.127926	195.730000
0.127890	0.127790	195.830000
0.127716	0.127613	195.930000
0.127550	0.127455	196.030000
0.127229	0.127133	196.130000
0.127053	0.126945	196.230000
0.126874	0.126775	196.330000
0.126833	0.126732	196.430000
0.126607	0.126515	196.530000
0.126347	0.126240	196.630000
0.126141	0.126039	196.730000
0.126062	0.125964	196.830000
0.125846	0.125741	196.930000
0.125606	0.125500	197.030000
0.125349	0.125233	197.130000
0.125222	0.125117	197.230000
0.125059	0.124962	197.330000
0.124736	0.124643	197.430000
0.124477	0.124371	197.530000
0.124347	0.124243	197.630000
0.124282	0.124170	197.730000
0.124119	0.124013	197.830000
0.123830	0.123733	197.930000
0.123592	0.123484	198.030000
0.123486	0.123378	198.130000
0.123424	0.123314	198.230000
0.123154	0.123056	198.330000
0.122822	0.122724	198.430000
0.122666	0.122569	198.530000
0.122565	0.122460	198.630000
0.122330	0.122226	198.730000
0.122091	0.121983	198.830000
0.121983	0.121894	198.930000
0.121820	0.121718	199.030000
0.121704	0.121600	199.130000
0.121466	0.121365	199.230000
0.121209	0.121096	199.330000
0.121046	0.120934	199.430000
0.121007	0.120904	199.530000
0.120784	0.120680	199.630000
0.120531	0.120421	199.730000
0.120359	0.120244	199.830000
0.120246	0.120142	199.930000
0.120161	0.120057	200.030000
0.119912	0.119806	200.130000
0.119708	0.119600	200.230000
0.119593	0.119492	200.330000
0.119457	0.119353	200.430000
0.119370	0.119286	200.530000
0.119142	0.119026	200.630000
0.118922	0.118814	200.730000
0.118778	0.118661	200.830000
0.118713	0.118632	200.930000
0.118670	0.118556	201.030000
0.118402	0.118299	201.130000
0.118219	0.118105	201.230000
0.118096	0.117998	201.330000
0.117982	0.117878	201.430000
0.117864	0.117775	201.530000
0.117616	0.117512	201.630000
0.117460	0.117351	201.730000
0.117322	0.117221	201.830000
0.117271	0.117162	201.930000
0.117007	0.116909	202.030000
0.116855	0.116754	202.130000
0.116702	0.116605	202.230000
0.116673	0.116564	202.330000
0.116402	0.116294	202.430000
0.116168	0.116069	202.530000
0.116052	0.115948	202.630000
0.115991	0.115892	202.730000
0.115878	0.115767	202.830000
0.115651	0.115544	202.930000
0.115446	0.115339	203.030000
0.115343	0.115244	203.130000
0.115256	0.115160	203.230000
0.115155	0.115054	203.330000
0.114894	0.114786	203.430000
0.114789	0.114693	203.530000
0.114642	0.114543	203.630000
0.114527	0.114425	203.730000
0.114438	0.114329	203.830000
0.114379	0.114272	203.930000
0.114226	0.114128	204.030000
0.114141	0.114038	204.130000
0.113984	0.113883	204.230000
0.113904	0.113792	204.330000
0.113707	0.113604	204.430000
0.113540	0.113429	204.530000
0.113373	0.113280	204.630000
0.113314	0.113194	204.730000
0.113172	0.113060	204.830000
0.113019	0.112923	204.930000
0.112851	0.112753	205.030000
0.112749	0.112652	205.130000
0.112664	0.112564	205.230000
0.112508	0.112403	205.330000
0.112315	0.112210	205.430000
0.112153	0.112044	205.530000
0.112062	0.111968	205.630000
0.111988	0.111878	205.730000
0.111772	0.111661	205.830000
0.111618	0.111518	205.930000
0.111485	0.111392	206.030000
0.111451	0.111358	206.130000
0.111330	0.111230	206.230000
0.111152	0.111045	206.330000
0.111025	0.110933	206.430000
0.110905	0.110790	206.530000
0.110709	0.110607	206.630000
0.110552	0.110447	206.730000
0.110412	0.110320	206.830000
0.110350	0.110236	206.930000
0.110189	0.110090	207.030000
0.109973	0.109879	207.130000
0.109794	0.109686	207.230000
0.109678	0.109574	207.330000
0.109589	0.109490	207.430000
0.109392	0.109276	207.530000
0.109240	0.109139	207.630000
0.109127	0.109029	207.730000
0.109078	0.108981	207.830000
0.109034	0.108916	207.930000
0.108870	0.108774	208.030000
0.108704	0.108597	208.130000
0.108620	0.108526	208.230000
0.108514	0.108421	208.330000
0.108521	0.108425	208.430000
0.108339	0.108221	208.530000
0.108212	0.108099	208.630000
0.108067	0.107960	208.730000
0.108052	0.107967	208.830000
0.107938	0.107837	208.930000
0.107804	0.107704	209.030000
0.107657	0.107558	209.130000
0.107551	0.107453	209.230000
0.107465	0.107352	209.330000
0.107419	0.107321	209.430000
0.107316	0.107203	209.530000
0.107245	0.107130	209.630000
0.107014	0.106920	209.730000
0.106956	0.106875	209.830000
0.106881	0.106769	209.930000
0.106770	0.106657	210.030000
0.106591	0.106479	210.130000
0.106515	0.106403	210.230000
0.106423	0.106305	210.330000
0.106280	0.106181	210.430000
0.106095	0.106000	210.530000
0.106034	0.105924	210.630000
0.105937	0.105843	210.730000
0.105869	0.105769	210.830000
0.105691	0.105591	210.930000
0.105523	0.105419	211.030000
0.105438	0.105333	211.130000
0.105365	0.105251	211.230000
0.105251	0.105155	211.330000
0.105123	0.105016	211.430000
0.104953	0.104845	211.530000
0.104861	0.104745	211.630000
0.104789	0.104678	211.730000
0.104763	0.104663	211.830000
0.104601	0.104486	211.930000
0.104481	0.104377	212.030000
0.104353	0.104249	212.130000
0.104313	0.104201	212.230000
0.104207	0.104102	212.330000
0.104087	0.103971	212.430000
0.103951	0.103850	212.530000
0.103898	0.103788	212.630000
0.103784	0.103687	212.730000
0.103639	0.103535	212.830000
0.103487	0.103396	212.930000
0.103422	0.103308	213.030000
0.103309	0.103216	213.130000
0.103240	0.103134	213.230000
0.103074	0.102981	213.330000
0.102973	0.102870	213.430000
0.102869	0.102766	213.530000
0.102764	0.102661	213.630000
0.102599	0.102498	213.730000
0.102477	0.102372	213.830000
0.102351	0.102250	213.930000
0.102260	0.102159	214.030000
0.102117	0.102018	214.130000
0.102008	0.101904	214.230000
0.101926	0.101821	214.330000
0.101869	0.101764	214.430000
0.101729	0.101626	214.530000
0.101613	0.101506	214.630000
0.101472	0.101364	214.730000
0.101429	0.101320	214.830000
0.101353	0.101269	214.930000
0.101298	0.101179	215.030000
0.101165	0.101071	215.130000
0.101049	0.100943	215.230000
0.101016	0.100919	215.330000
0.100970	0.100857	215.430000
0.100841	0.100760	215.530000
0.100675	0.100576	215.630000
0.100667	0.100570	215.730000
0.100506	0.100413	215.830000
0.100498	0.100398	215.930000
0.100381	0.100286	216.030000
0.100260	0.100165	216.130000
0.100123	0.100025	216.230000
0.100093	0.099993	216.330000
0.100024	0.099924	216.430000
0.099898	0.099797	216.530000
0.099712	0.099619	216.630000
0.099685	0.099587	216.730000
0.099596	0.099486	216.830000
0.099568	0.099464	216.930000
0.099444	0.099341	217.030000
0.099349	0.099238	217.130000
0.099245	0.099148	217.230000
0.099184	0.099082	217.330000
0.099011	0.098915	217.430000
0.098872	0.098767	217.530000
0.098724	0.098637	217.630000
0.098729	0.098628	217.730000
0.098634	0.098535	217.830000
0.098521	0.098414	217.930000
0.098405	0.098296	218.030000
0.098362	0.098253	218.130000
0.098279	0.098182	218.230000
0.098217	0.098115	218.330000
0.098073	0.097969	218.430000
0.098032	0.097917	218.530000
0.097938	0.097855	218.630000
0.097905	0.097808	218.730000
0.097849	0.097754	218.830000
0.097810	0.097715	218.930000
0.097719	0.097615	219.030000
0.097647	0.097544	219.130000
0.097539	0.097449	219.230000
0.097472	0.097380	219.330000
0.097374	0.097268	219.430000
0.097269	0.097154	219.530000
0.097166	0.097078	219.630000
0.097167	0.097070	219.730000
0.097122	0.097022	219.830000
0.097088	0.096983	219.930000
0.096920	0.096814	220.030000
0.096820	0.096708	220.130000
0.096818	0.096721	220.230000
0.096801	0.096706	220.330000
0.096716	0.096612	220.430000
0.096550	0.096437	220.530000
0.096446	0.096344	220.630000
0.096391	0.096281	220.730000
0.096346	0.096248	220.830000
0.096309	0.096203	220.930000
